,loss,val_loss,epoch
0,193914.15625,433338.78125,0
1,193914.140625,433338.78125,1
2,193914.140625,433338.78125,2
3,193914.109375,433338.78125,3
4,193914.09375,433338.75,4
5,193914.09375,433338.75,5
6,193914.078125,433338.75,6
7,193914.0625,433338.75,7
8,193914.0625,433338.75,8
9,193914.046875,433338.75,9
10,193914.03125,433338.75,10
11,193914.015625,433338.75,11
12,193913.984375,433338.75,12
13,193914.015625,433338.75,13
14,193913.96875,433338.75,14
15,193913.984375,433338.75,15
16,193913.96875,433338.75,16
17,193913.953125,433338.75,17
18,193913.953125,433338.75,18
19,193913.921875,433338.75,19
20,193913.921875,433338.75,20
21,193913.921875,433338.75,21
22,193913.90625,433338.75,22
23,193913.90625,433338.75,23
24,193913.890625,433338.75,24
25,193913.890625,433338.75,25
26,193913.828125,433338.75,26
27,193913.828125,433338.75,27
28,193913.828125,433338.6875,28
29,193913.8125,433338.6875,29
30,193913.796875,433338.6875,30
31,193913.78125,433338.6875,31
32,193913.796875,433338.6875,32
33,193913.765625,433338.6875,33
34,193913.75,433338.6875,34
35,193913.71875,433338.6875,35
36,193913.71875,433338.6875,36
37,193913.703125,433338.65625,37
38,193913.703125,433338.65625,38
39,193913.6875,433338.65625,39
40,193913.671875,433338.6875,40
41,193913.671875,433338.6875,41
42,193913.65625,433338.65625,42
43,193913.640625,433338.65625,43
44,193913.640625,433338.65625,44
45,193913.625,433338.65625,45
46,193913.59375,433338.65625,46
47,193913.59375,433338.65625,47
48,193913.5625,433338.625,48
49,193913.5625,433338.625,49
50,193913.5625,433338.625,50
51,193913.53125,433338.625,51
52,193913.53125,433338.625,52
53,193913.515625,433338.625,53
54,193913.515625,433338.625,54
55,193913.5,433338.625,55
56,193913.46875,433338.625,56
57,193913.453125,433338.59375,57
58,193913.4375,433338.59375,58
59,193913.4375,433338.5625,59
60,193913.421875,433338.5625,60
61,193913.40625,433338.5625,61
62,193913.390625,433338.5625,62
63,193913.390625,433338.5625,63
64,193913.34375,433338.5625,64
65,193913.375,433338.5625,65
66,193913.328125,433338.5625,66
67,193913.328125,433338.53125,67
68,193913.3125,433338.53125,68
69,193913.296875,433338.53125,69
70,193913.28125,433338.53125,70
71,193913.265625,433338.53125,71
72,193913.25,433338.53125,72
73,193913.25,433338.53125,73
74,193913.25,433338.53125,74
75,193913.203125,433338.46875,75
76,193913.203125,433338.46875,76
77,193913.171875,433338.46875,77
78,193913.171875,433338.46875,78
79,193913.140625,433338.46875,79
80,193913.15625,433338.46875,80
81,193913.125,433338.46875,81
82,193913.125,433338.46875,82
83,193913.109375,433338.40625,83
84,193913.078125,433338.40625,84
85,193913.0625,433338.375,85
86,193913.046875,433338.375,86
87,193913.046875,433338.375,87
88,193913.015625,433338.375,88
89,193913.015625,433338.375,89
90,193913.0,433338.34375,90
91,193912.984375,433338.3125,91
92,193912.953125,433338.3125,92
93,193912.953125,433338.3125,93
94,193912.9375,433338.3125,94
95,193912.90625,433338.3125,95
96,193912.90625,433338.3125,96
97,193912.890625,433338.28125,97
98,193912.875,433338.25,98
99,193912.859375,433338.25,99
100,193912.828125,433338.25,100
101,193912.828125,433338.25,101
102,193912.828125,433338.25,102
103,193912.78125,433338.25,103
104,193912.765625,433338.25,104
105,193912.765625,433338.25,105
106,193912.75,433338.21875,106
107,193912.71875,433338.21875,107
108,193912.734375,433338.21875,108
109,193912.71875,433338.21875,109
110,193912.6875,433338.1875,110
111,193912.671875,433338.1875,111
112,193912.65625,433338.1875,112
113,193912.65625,433338.1875,113
114,193912.625,433338.1875,114
115,193912.609375,433338.1875,115
116,193912.609375,433338.09375,116
117,193912.59375,433338.09375,117
118,193912.59375,433338.09375,118
119,193912.5625,433338.09375,119
120,193912.53125,433338.09375,120
121,193912.53125,433338.09375,121
122,193912.5,433338.09375,122
123,193912.484375,433338.0625,123
124,193912.484375,433338.03125,124
125,193912.46875,433338.03125,125
126,193912.4375,433338.03125,126
127,193912.421875,433338.03125,127
128,193912.40625,433338.03125,128
129,193912.390625,433338.03125,129
130,193912.375,433337.96875,130
131,193912.359375,433337.96875,131
132,193912.34375,433337.96875,132
133,193912.3125,433337.96875,133
134,193912.3125,433337.96875,134
135,193912.28125,433337.96875,135
136,193912.28125,433337.9375,136
137,193912.25,433337.9375,137
138,193912.234375,433337.9375,138
139,193912.21875,433337.90625,139
140,193912.21875,433337.90625,140
141,193912.203125,433337.90625,141
142,193912.15625,433337.90625,142
143,193912.15625,433337.90625,143
144,193912.140625,433337.90625,144
145,193912.109375,433337.90625,145
146,193912.109375,433337.875,146
147,193912.09375,433337.875,147
148,193912.078125,433337.8125,148
149,193912.046875,433337.8125,149
150,193912.015625,433337.8125,150
151,193912.03125,433337.8125,151
152,193911.984375,433337.8125,152
153,193911.984375,433337.8125,153
154,193911.953125,433337.75,154
155,193911.953125,433337.75,155
156,193911.90625,433337.75,156
157,193911.890625,433337.75,157
158,193911.890625,433337.75,158
159,193911.859375,433337.6875,159
160,193911.875,433337.6875,160
161,193911.84375,433337.6875,161
162,193911.828125,433337.6875,162
163,193911.78125,433337.6875,163
164,193911.765625,433337.6875,164
165,193911.765625,433337.6875,165
166,193911.75,433337.625,166
167,193911.71875,433337.625,167
168,193911.71875,433337.625,168
169,193911.703125,433337.625,169
170,193911.6875,433337.625,170
171,193911.640625,433337.625,171
172,193911.625,433337.59375,172
173,193911.625,433337.59375,173
174,193911.59375,433337.53125,174
175,193911.59375,433337.53125,175
176,193911.578125,433337.53125,176
177,193911.53125,433337.46875,177
178,193911.515625,433337.46875,178
179,193911.5,433337.46875,179
180,193911.484375,433337.46875,180
181,193911.46875,433337.46875,181
182,193911.453125,433337.46875,182
183,193911.4375,433337.46875,183
184,193911.40625,433337.46875,184
185,193911.390625,433337.4375,185
186,193911.359375,433337.40625,186
187,193911.34375,433337.40625,187
188,193911.328125,433337.40625,188
189,193911.328125,433337.40625,189
190,193911.3125,433337.375,190
191,193911.265625,433337.34375,191
192,193911.265625,433337.34375,192
193,193911.234375,433337.34375,193
194,193911.21875,433337.34375,194
195,193911.203125,433337.34375,195
196,193911.1875,433337.3125,196
197,193911.171875,433337.25,197
198,193911.125,433337.25,198
199,193911.125,433337.25,199
200,193911.109375,433337.25,200
201,193911.09375,433337.21875,201
202,193911.0625,433337.21875,202
203,193911.046875,433337.1875,203
204,193911.015625,433337.1875,204
205,193911.015625,433337.1875,205
206,193910.984375,433337.15625,206
207,193910.96875,433337.15625,207
208,193910.953125,433337.125,208
209,193910.9375,433337.125,209
210,193910.921875,433337.125,210
211,193910.875,433337.09375,211
212,193910.875,433337.09375,212
213,193910.859375,433337.09375,213
214,193910.828125,433337.0625,214
215,193910.8125,433337.0625,215
216,193910.828125,433337.0625,216
217,193910.765625,433337.03125,217
218,193910.765625,433336.96875,218
219,193910.75,433336.96875,219
220,193910.71875,433336.96875,220
221,193910.703125,433336.96875,221
222,193910.6875,433336.96875,222
223,193910.671875,433336.9375,223
224,193910.625,433336.90625,224
225,193910.625,433336.90625,225
226,193910.59375,433336.90625,226
227,193910.59375,433336.875,227
228,193910.578125,433336.84375,228
229,193910.5625,433336.84375,229
230,193910.53125,433336.84375,230
231,193910.53125,433336.84375,231
232,193910.484375,433336.8125,232
233,193910.46875,433336.78125,233
234,193910.4375,433336.78125,234
235,193910.421875,433336.78125,235
236,193910.40625,433336.6875,236
237,193910.375,433336.6875,237
238,193910.359375,433336.6875,238
239,193910.359375,433336.6875,239
240,193910.328125,433336.6875,240
241,193910.296875,433336.6875,241
242,193910.296875,433336.65625,242
243,193910.25,433336.65625,243
244,193910.234375,433336.625,244
245,193910.21875,433336.625,245
246,193910.203125,433336.625,246
247,193910.1875,433336.625,247
248,193910.15625,433336.5625,248
249,193910.15625,433336.5625,249
250,193910.09375,433336.5625,250
251,193910.09375,433336.5625,251
252,193910.0625,433336.53125,252
253,193910.046875,433336.5,253
254,193910.03125,433336.5,254
255,193910.03125,433336.5,255
256,193909.984375,433336.46875,256
257,193909.96875,433336.40625,257
258,193909.953125,433336.40625,258
259,193909.9375,433336.40625,259
260,193909.90625,433336.40625,260
261,193909.890625,433336.375,261
262,193909.859375,433336.375,262
263,193909.84375,433336.34375,263
264,193909.8125,433336.34375,264
265,193909.796875,433336.34375,265
266,193909.78125,433336.3125,266
267,193909.78125,433336.3125,267
268,193909.75,433336.34375,268
269,193909.71875,433336.28125,269
270,193909.703125,433336.28125,270
271,193909.6875,433336.28125,271
272,193909.65625,433336.28125,272
273,193909.640625,433336.25,273
274,193909.59375,433336.21875,274
275,193909.59375,433336.21875,275
276,193909.5625,433336.21875,276
277,193909.53125,433336.21875,277
278,193909.53125,433336.125,278
279,193909.515625,433336.125,279
280,193909.5,433336.125,280
281,193909.46875,433336.125,281
282,193909.4375,433336.09375,282
283,193909.40625,433336.0625,283
284,193909.390625,433336.0625,284
285,193909.390625,433336.0625,285
286,193909.328125,433336.0,286
287,193909.328125,433336.0,287
288,193909.296875,433336.0,288
289,193909.28125,433336.0,289
290,193909.25,433336.0,290
291,193909.265625,433335.96875,291
292,193909.203125,433335.9375,292
293,193909.203125,433335.9375,293
294,193909.171875,433335.9375,294
295,193909.140625,433335.9375,295
296,193909.125,433335.875,296
297,193909.109375,433335.875,297
298,193909.0625,433335.875,298
299,193909.0625,433335.875,299
300,193909.03125,433335.8125,300
301,193909.015625,433335.78125,301
302,193908.984375,433335.78125,302
303,193908.984375,433335.78125,303
304,193908.9375,433335.78125,304
305,193908.9375,433335.75,305
306,193908.890625,433335.75,306
307,193908.875,433335.71875,307
308,193908.859375,433335.71875,308
309,193908.8125,433335.6875,309
310,193908.8125,433335.6875,310
311,193908.78125,433335.65625,311
312,193908.78125,433335.65625,312
313,193908.75,433335.65625,313
314,193908.734375,433335.625,314
315,193908.6875,433335.59375,315
316,193908.671875,433335.59375,316
317,193908.671875,433335.53125,317
318,193908.640625,433335.5,318
319,193908.609375,433335.5,319
320,193908.609375,433335.5,320
321,193908.5625,433335.5,321
322,193908.546875,433335.5,322
323,193908.515625,433335.46875,323
324,193908.5,433335.4375,324
325,193908.484375,433335.4375,325
326,193908.46875,433335.40625,326
327,193908.421875,433335.375,327
328,193908.40625,433335.375,328
329,193908.375,433335.375,329
330,193908.359375,433335.375,330
331,193908.3125,433335.34375,331
332,193908.3125,433335.34375,332
333,193908.28125,433335.3125,333
334,193908.265625,433335.3125,334
335,193908.234375,433335.21875,335
336,193908.21875,433335.21875,336
337,193908.203125,433335.21875,337
338,193908.15625,433335.21875,338
339,193908.15625,433335.1875,339
340,193908.125,433335.15625,340
341,193908.109375,433335.15625,341
342,193908.078125,433335.15625,342
343,193908.046875,433335.09375,343
344,193908.03125,433335.09375,344
345,193908.0,433335.09375,345
346,193907.96875,433335.09375,346
347,193907.96875,433335.0625,347
348,193907.953125,433335.03125,348
349,193907.90625,433335.03125,349
350,193907.875,433334.96875,350
351,193907.875,433334.9375,351
352,193907.84375,433334.9375,352
353,193907.828125,433334.9375,353
354,193907.78125,433334.90625,354
355,193907.765625,433334.90625,355
356,193907.75,433334.875,356
357,193907.734375,433334.875,357
358,193907.71875,433334.875,358
359,193907.703125,433334.8125,359
360,193907.625,433334.8125,360
361,193907.625,433334.8125,361
362,193907.59375,433334.8125,362
363,193907.578125,433334.78125,363
364,193907.53125,433334.78125,364
365,193907.515625,433334.75,365
366,193907.5,433334.75,366
367,193907.46875,433334.75,367
368,193907.453125,433334.6875,368
369,193907.4375,433334.625,369
370,193907.390625,433334.625,370
371,193907.375,433334.625,371
372,193907.34375,433334.59375,372
373,193907.34375,433334.59375,373
374,193907.3125,433334.59375,374
375,193907.28125,433334.5625,375
376,193907.25,433334.53125,376
377,193907.21875,433334.53125,377
378,193907.203125,433334.53125,378
379,193907.1875,433334.46875,379
380,193907.140625,433334.46875,380
381,193907.125,433334.46875,381
382,193907.09375,433334.46875,382
383,193907.09375,433334.46875,383
384,193907.078125,433334.375,384
385,193907.046875,433334.375,385
386,193907.0,433334.34375,386
387,193906.96875,433334.34375,387
388,193906.953125,433334.34375,388
389,193906.921875,433334.3125,389
390,193906.921875,433334.3125,390
391,193906.875,433334.3125,391
392,193906.859375,433334.21875,392
393,193906.84375,433334.21875,393
394,193906.828125,433334.21875,394
395,193906.8125,433334.1875,395
396,193906.765625,433334.1875,396
397,193906.75,433334.1875,397
398,193906.71875,433334.125,398
399,193906.71875,433334.09375,399
400,193906.671875,433334.09375,400
401,193906.65625,433334.09375,401
402,193906.609375,433334.03125,402
403,193906.59375,433334.03125,403
404,193906.578125,433334.03125,404
405,193906.546875,433334.0,405
406,193906.5,433333.96875,406
407,193906.5,433333.9375,407
408,193906.46875,433333.9375,408
409,193906.4375,433333.90625,409
410,193906.40625,433333.90625,410
411,193906.40625,433333.90625,411
412,193906.359375,433333.875,412
413,193906.34375,433333.875,413
414,193906.3125,433333.8125,414
415,193906.296875,433333.8125,415
416,193906.25,433333.75,416
417,193906.234375,433333.75,417
418,193906.21875,433333.75,418
419,193906.1875,433333.75,419
420,193906.15625,433333.6875,420
421,193906.15625,433333.6875,421
422,193906.09375,433333.6875,422
423,193906.078125,433333.6875,423
424,193906.0625,433333.625,424
425,193906.046875,433333.625,425
426,193906.015625,433333.625,426
427,193905.96875,433333.625,427
428,193905.953125,433333.59375,428
429,193905.953125,433333.53125,429
430,193905.890625,433333.53125,430
431,193905.890625,433333.53125,431
432,193905.84375,433333.53125,432
433,193905.828125,433333.53125,433
434,193905.796875,433333.46875,434
435,193905.78125,433333.46875,435
436,193905.75,433333.4375,436
437,193905.703125,433333.40625,437
438,193905.6875,433333.40625,438
439,193905.671875,433333.375,439
440,193905.640625,433333.34375,440
441,193905.625,433333.34375,441
442,193905.578125,433333.34375,442
443,193905.5625,433333.25,443
444,193905.53125,433333.25,444
445,193905.515625,433333.25,445
446,193905.5,433333.25,446
447,193905.46875,433333.1875,447
448,193905.4375,433333.1875,448
449,193905.40625,433333.1875,449
450,193905.390625,433333.1875,450
451,193905.34375,433333.125,451
452,193905.328125,433333.125,452
453,193905.296875,433333.125,453
454,193905.28125,433333.125,454
455,193905.25,433333.0625,455
456,193905.234375,433333.0625,456
457,193905.1875,433333.0625,457
458,193905.171875,433332.96875,458
459,193905.140625,433332.96875,459
460,193905.109375,433332.96875,460
461,193905.078125,433332.96875,461
462,193905.0625,433332.90625,462
463,193905.03125,433332.90625,463
464,193905.0,433332.84375,464
465,193904.984375,433332.84375,465
466,193904.953125,433332.84375,466
467,193904.9375,433332.84375,467
468,193904.921875,433332.84375,468
469,193904.890625,433332.78125,469
470,193904.859375,433332.75,470
471,193904.828125,433332.75,471
472,193904.796875,433332.6875,472
473,193904.78125,433332.6875,473
474,193904.765625,433332.6875,474
475,193904.734375,433332.6875,475
476,193904.6875,433332.625,476
477,193904.671875,433332.59375,477
478,193904.65625,433332.59375,478
479,193904.609375,433332.5625,479
480,193904.59375,433332.5625,480
481,193904.5625,433332.5625,481
482,193904.53125,433332.5,482
483,193904.5,433332.5,483
484,193904.46875,433332.46875,484
485,193904.46875,433332.40625,485
486,193904.421875,433332.40625,486
487,193904.421875,433332.40625,487
488,193904.375,433332.375,488
489,193904.34375,433332.34375,489
490,193904.34375,433332.34375,490
491,193904.28125,433332.3125,491
492,193904.234375,433332.3125,492
493,193904.234375,433332.25,493
494,193904.203125,433332.25,494
495,193904.203125,433332.25,495
496,193904.140625,433332.21875,496
497,193904.109375,433332.1875,497
498,193904.109375,433332.1875,498
499,193904.078125,433332.125,499
500,193904.046875,433332.125,500
501,193904.0,433332.125,501
502,193904.0,433332.0625,502
503,193903.953125,433332.0625,503
504,193903.921875,433332.0625,504
505,193903.90625,433332.0,505
506,193903.875,433332.0,506
507,193903.859375,433332.0,507
508,193903.828125,433331.96875,508
509,193903.78125,433331.9375,509
510,193903.765625,433331.875,510
511,193903.734375,433331.875,511
512,193903.703125,433331.875,512
513,193903.6875,433331.8125,513
514,193903.65625,433331.8125,514
515,193903.609375,433331.8125,515
516,193903.59375,433331.78125,516
517,193903.578125,433331.71875,517
518,193903.53125,433331.71875,518
519,193903.515625,433331.71875,519
520,193903.46875,433331.71875,520
521,193903.46875,433331.65625,521
522,193903.4375,433331.65625,522
523,193903.375,433331.65625,523
524,193903.34375,433331.59375,524
525,193903.34375,433331.59375,525
526,193903.3125,433331.59375,526
527,193903.28125,433331.5,527
528,193903.25,433331.5,528
529,193903.21875,433331.5,529
530,193903.21875,433331.46875,530
531,193903.171875,433331.46875,531
532,193903.125,433331.4375,532
533,193903.109375,433331.375,533
534,193903.09375,433331.375,534
535,193903.0625,433331.375,535
536,193903.015625,433331.3125,536
537,193902.984375,433331.3125,537
538,193902.984375,433331.3125,538
539,193902.96875,433331.25,539
540,193902.9375,433331.21875,540
541,193902.875,433331.21875,541
542,193902.859375,433331.21875,542
543,193902.84375,433331.15625,543
544,193902.828125,433331.15625,544
545,193902.796875,433331.15625,545
546,193902.75,433331.09375,546
547,193902.71875,433331.09375,547
548,193902.71875,433331.0625,548
549,193902.671875,433331.0625,549
550,193902.65625,433331.03125,550
551,193902.609375,433330.9375,551
552,193902.59375,433330.9375,552
553,193902.5625,433330.9375,553
554,193902.546875,433330.9375,554
555,193902.484375,433330.90625,555
556,193902.484375,433330.875,556
557,193902.4375,433330.875,557
558,193902.421875,433330.875,558
559,193902.375,433330.8125,559
560,193902.359375,433330.8125,560
561,193902.3125,433330.8125,561
562,193902.296875,433330.75,562
563,193902.25,433330.6875,563
564,193902.234375,433330.65625,564
565,193902.203125,433330.65625,565
566,193902.1875,433330.65625,566
567,193902.140625,433330.59375,567
568,193902.109375,433330.59375,568
569,193902.09375,433330.59375,569
570,193902.0625,433330.53125,570
571,193902.03125,433330.5625,571
572,193902.015625,433330.53125,572
573,193901.953125,433330.53125,573
574,193901.9375,433330.5,574
575,193901.921875,433330.46875,575
576,193901.890625,433330.46875,576
577,193901.859375,433330.375,577
578,193901.828125,433330.375,578
579,193901.796875,433330.375,579
580,193901.765625,433330.34375,580
581,193901.75,433330.3125,581
582,193901.703125,433330.3125,582
583,193901.671875,433330.28125,583
584,193901.640625,433330.25,584
585,193901.625,433330.21875,585
586,193901.59375,433330.21875,586
587,193901.5625,433330.21875,587
588,193901.53125,433330.125,588
589,193901.5,433330.125,589
590,193901.453125,433330.09375,590
591,193901.4375,433330.09375,591
592,193901.40625,433330.0625,592
593,193901.375,433330.03125,593
594,193901.34375,433330.03125,594
595,193901.328125,433330.03125,595
596,193901.296875,433329.96875,596
597,193901.28125,433329.96875,597
598,193901.234375,433329.96875,598
599,193901.1875,433329.90625,599
600,193901.171875,433329.90625,600
601,193901.140625,433329.875,601
602,193901.109375,433329.875,602
603,193901.078125,433329.8125,603
604,193901.0625,433329.75,604
605,193901.046875,433329.75,605
606,193901.015625,433329.75,606
607,193900.984375,433329.6875,607
608,193900.9375,433329.6875,608
609,193900.90625,433329.6875,609
610,193900.890625,433329.65625,610
611,193900.859375,433329.625,611
612,193900.828125,433329.625,612
613,193900.796875,433329.59375,613
614,193900.765625,433329.53125,614
615,193900.734375,433329.53125,615
616,193900.71875,433329.53125,616
617,193900.671875,433329.46875,617
618,193900.625,433329.46875,618
619,193900.625,433329.46875,619
620,193900.5625,433329.4375,620
621,193900.5625,433329.40625,621
622,193900.515625,433329.34375,622
623,193900.5,433329.34375,623
624,193900.4375,433329.34375,624
625,193900.421875,433329.25,625
626,193900.40625,433329.25,626
627,193900.375,433329.25,627
628,193900.34375,433329.25,628
629,193900.296875,433329.1875,629
630,193900.28125,433329.1875,630
631,193900.25,433329.1875,631
632,193900.21875,433329.125,632
633,193900.171875,433329.125,633
634,193900.15625,433329.09375,634
635,193900.125,433329.09375,635
636,193900.09375,433329.0625,636
637,193900.046875,433329.03125,637
638,193900.03125,433328.96875,638
639,193899.984375,433328.96875,639
640,193899.96875,433328.9375,640
641,193899.921875,433328.90625,641
642,193899.90625,433328.90625,642
643,193899.875,433328.84375,643
644,193899.859375,433328.84375,644
645,193899.796875,433328.84375,645
646,193899.765625,433328.84375,646
647,193899.734375,433328.78125,647
648,193899.71875,433328.78125,648
649,193899.703125,433328.75,649
650,193899.640625,433328.6875,650
651,193899.625,433328.65625,651
652,193899.59375,433328.625,652
653,193899.578125,433328.625,653
654,193899.515625,433328.59375,654
655,193899.5,433328.5625,655
656,193899.46875,433328.5625,656
657,193899.4375,433328.53125,657
658,193899.40625,433328.5,658
659,193899.375,433328.5,659
660,193899.359375,433328.5,660
661,193899.34375,433328.40625,661
662,193899.28125,433328.40625,662
663,193899.25,433328.375,663
664,193899.21875,433328.34375,664
665,193899.203125,433328.34375,665
666,193899.171875,433328.3125,666
667,193899.125,433328.28125,667
668,193899.09375,433328.25,668
669,193899.078125,433328.21875,669
670,193899.046875,433328.21875,670
671,193898.984375,433328.21875,671
672,193898.984375,433328.125,672
673,193898.953125,433328.125,673
674,193898.921875,433328.09375,674
675,193898.875,433328.0625,675
676,193898.859375,433328.0625,676
677,193898.8125,433328.0625,677
678,193898.796875,433328.0,678
679,193898.75,433328.0,679
680,193898.734375,433327.96875,680
681,193898.703125,433327.9375,681
682,193898.671875,433327.9375,682
683,193898.65625,433327.90625,683
684,193898.59375,433327.875,684
685,193898.578125,433327.8125,685
686,193898.5625,433327.875,686
687,193898.5,433327.78125,687
688,193898.484375,433327.78125,688
689,193898.4375,433327.75,689
690,193898.40625,433327.71875,690
691,193898.40625,433327.6875,691
692,193898.34375,433327.65625,692
693,193898.3125,433327.65625,693
694,193898.28125,433327.65625,694
695,193898.25,433327.59375,695
696,193898.21875,433327.59375,696
697,193898.203125,433327.59375,697
698,193898.15625,433327.5,698
699,193898.140625,433327.5,699
700,193898.09375,433327.5,700
701,193898.0625,433327.46875,701
702,193898.03125,433327.4375,702
703,193897.984375,433327.40625,703
704,193897.953125,433327.375,704
705,193897.9375,433327.375,705
706,193897.90625,433327.34375,706
707,193897.84375,433327.3125,707
708,193897.8125,433327.25,708
709,193897.796875,433327.21875,709
710,193897.765625,433327.21875,710
711,193897.71875,433327.21875,711
712,193897.71875,433327.15625,712
713,193897.6875,433327.15625,713
714,193897.65625,433327.125,714
715,193897.625,433327.09375,715
716,193897.59375,433327.09375,716
717,193897.5625,433327.0625,717
718,193897.53125,433327.03125,718
719,193897.5,433327.03125,719
720,193897.453125,433326.96875,720
721,193897.421875,433326.9375,721
722,193897.40625,433326.90625,722
723,193897.34375,433326.875,723
724,193897.328125,433326.875,724
725,193897.28125,433326.84375,725
726,193897.265625,433326.8125,726
727,193897.25,433326.8125,727
728,193897.1875,433326.78125,728
729,193897.15625,433326.75,729
730,193897.140625,433326.75,730
731,193897.109375,433326.65625,731
732,193897.078125,433326.65625,732
733,193897.046875,433326.59375,733
734,193896.984375,433326.59375,734
735,193896.984375,433326.5625,735
736,193896.921875,433326.53125,736
737,193896.890625,433326.53125,737
738,193896.875,433326.46875,738
739,193896.828125,433326.46875,739
740,193896.796875,433326.40625,740
741,193896.765625,433326.375,741
742,193896.71875,433326.375,742
743,193896.734375,433326.34375,743
744,193896.6875,433326.3125,744
745,193896.65625,433326.3125,745
746,193896.609375,433326.25,746
747,193896.59375,433326.25,747
748,193896.546875,433326.21875,748
749,193896.515625,433326.1875,749
750,193896.484375,433326.125,750
751,193896.4375,433326.09375,751
752,193896.40625,433326.09375,752
753,193896.390625,433326.03125,753
754,193896.34375,433326.03125,754
755,193896.3125,433326.03125,755
756,193896.265625,433325.96875,756
757,193896.25,433325.96875,757
758,193896.203125,433325.9375,758
759,193896.203125,433325.90625,759
760,193896.140625,433325.90625,760
761,193896.109375,433325.8125,761
762,193896.09375,433325.8125,762
763,193896.046875,433325.78125,763
764,193896.03125,433325.75,764
765,193896.0,433325.75,765
766,193895.953125,433325.71875,766
767,193895.90625,433325.6875,767
768,193895.875,433325.625,768
769,193895.859375,433325.625,769
770,193895.828125,433325.59375,770
771,193895.78125,433325.53125,771
772,193895.75,433325.53125,772
773,193895.734375,433325.5,773
774,193895.703125,433325.46875,774
775,193895.65625,433325.46875,775
776,193895.640625,433325.40625,776
777,193895.59375,433325.40625,777
778,193895.5625,433325.375,778
779,193895.53125,433325.34375,779
780,193895.515625,433325.3125,780
781,193895.484375,433325.25,781
782,193895.40625,433325.25,782
783,193895.40625,433325.21875,783
784,193895.359375,433325.1875,784
785,193895.328125,433325.1875,785
786,193895.28125,433325.15625,786
787,193895.25,433325.125,787
788,193895.21875,433325.125,788
789,193895.203125,433325.0625,789
790,193895.171875,433325.0625,790
791,193895.140625,433325.03125,791
792,193895.09375,433324.96875,792
793,193895.0625,433324.9375,793
794,193895.046875,433324.9375,794
795,193895.0,433324.90625,795
796,193894.96875,433324.875,796
797,193894.921875,433324.84375,797
798,193894.890625,433324.84375,798
799,193894.859375,433324.78125,799
800,193894.84375,433324.78125,800
801,193894.8125,433324.75,801
802,193894.75,433324.6875,802
803,193894.71875,433324.6875,803
804,193894.6875,433324.6875,804
805,193894.65625,433324.625,805
806,193894.625,433324.625,806
807,193894.5625,433324.59375,807
808,193894.5625,433324.5625,808
809,193894.53125,433324.5625,809
810,193894.484375,433324.5,810
811,193894.453125,433324.5,811
812,193894.4375,433324.46875,812
813,193894.375,433324.40625,813
814,193894.359375,433324.375,814
815,193894.3125,433324.34375,815
816,193894.296875,433324.3125,816
817,193894.234375,433324.28125,817
818,193894.21875,433324.28125,818
819,193894.1875,433324.25,819
820,193894.140625,433324.21875,820
821,193894.09375,433324.21875,821
822,193894.0625,433324.1875,822
823,193894.03125,433324.125,823
824,193894.015625,433324.125,824
825,193893.96875,433324.0625,825
826,193893.9375,433324.03125,826
827,193893.890625,433324.0,827
828,193893.859375,433324.0,828
829,193893.8125,433323.96875,829
830,193893.8125,433323.9375,830
831,193893.78125,433323.90625,831
832,193893.765625,433323.875,832
833,193893.703125,433323.875,833
834,193893.671875,433323.78125,834
835,193893.640625,433323.78125,835
836,193893.625,433323.71875,836
837,193893.5625,433323.71875,837
838,193893.546875,433323.71875,838
839,193893.5,433323.6875,839
840,193893.453125,433323.625,840
841,193893.421875,433323.59375,841
842,193893.390625,433323.59375,842
843,193893.375,433323.53125,843
844,193893.3125,433323.5,844
845,193893.296875,433323.46875,845
846,193893.25,433323.4375,846
847,193893.234375,433323.4375,847
848,193893.171875,433323.4375,848
849,193893.15625,433323.375,849
850,193893.109375,433323.375,850
851,193893.078125,433323.3125,851
852,193893.046875,433323.3125,852
853,193893.015625,433323.25,853
854,193892.984375,433323.21875,854
855,193892.984375,433323.15625,855
856,193892.921875,433323.15625,856
857,193892.890625,433323.15625,857
858,193892.859375,433323.125,858
859,193892.796875,433323.09375,859
860,193892.78125,433323.03125,860
861,193892.71875,433323.03125,861
862,193892.6875,433323.03125,862
863,193892.671875,433322.9375,863
864,193892.625,433322.9375,864
865,193892.609375,433322.90625,865
866,193892.5625,433322.875,866
867,193892.515625,433322.84375,867
868,193892.5,433322.8125,868
869,193892.46875,433322.78125,869
870,193892.40625,433322.78125,870
871,193892.390625,433322.6875,871
872,193892.359375,433322.6875,872
873,193892.3125,433322.65625,873
874,193892.28125,433322.65625,874
875,193892.25,433322.59375,875
876,193892.21875,433322.59375,876
877,193892.171875,433322.53125,877
878,193892.125,433322.53125,878
879,193892.109375,433322.46875,879
880,193892.046875,433322.46875,880
881,193892.046875,433322.40625,881
882,193892.0,433322.375,882
883,193891.96875,433322.34375,883
884,193891.921875,433322.3125,884
885,193891.890625,433322.28125,885
886,193891.875,433322.25,886
887,193891.84375,433322.25,887
888,193891.796875,433322.21875,888
889,193891.734375,433322.1875,889
890,193891.71875,433322.125,890
891,193891.6875,433322.09375,891
892,193891.65625,433322.09375,892
893,193891.625,433322.0625,893
894,193891.59375,433322.0,894
895,193891.5625,433321.96875,895
896,193891.53125,433321.96875,896
897,193891.484375,433321.9375,897
898,193891.453125,433321.90625,898
899,193891.40625,433321.90625,899
900,193891.375,433321.8125,900
901,193891.34375,433321.8125,901
902,193891.3125,433321.75,902
903,193891.25,433321.75,903
904,193891.21875,433321.6875,904
905,193891.203125,433321.6875,905
906,193891.140625,433321.6875,906
907,193891.125,433321.65625,907
908,193891.09375,433321.59375,908
909,193891.0625,433321.53125,909
910,193891.015625,433321.5,910
911,193890.984375,433321.46875,911
912,193890.953125,433321.46875,912
913,193890.921875,433321.40625,913
914,193890.875,433321.40625,914
915,193890.828125,433321.40625,915
916,193890.796875,433321.34375,916
917,193890.765625,433321.34375,917
918,193890.734375,433321.3125,918
919,193890.703125,433321.25,919
920,193890.65625,433321.25,920
921,193890.609375,433321.21875,921
922,193890.59375,433321.1875,922
923,193890.546875,433321.15625,923
924,193890.5,433321.125,924
925,193890.46875,433321.125,925
926,193890.4375,433321.09375,926
927,193890.421875,433321.03125,927
928,193890.375,433320.96875,928
929,193890.34375,433320.96875,929
930,193890.296875,433320.9375,930
931,193890.28125,433320.90625,931
932,193890.234375,433320.90625,932
933,193890.1875,433320.84375,933
934,193890.15625,433320.84375,934
935,193890.09375,433320.8125,935
936,193890.078125,433320.78125,936
937,193890.0625,433320.78125,937
938,193890.015625,433320.6875,938
939,193889.953125,433320.65625,939
940,193889.921875,433320.625,940
941,193889.90625,433320.625,941
942,193889.890625,433320.5625,942
943,193889.828125,433320.5625,943
944,193889.78125,433320.53125,944
945,193889.765625,433320.5,945
946,193889.71875,433320.40625,946
947,193889.703125,433320.40625,947
948,193889.671875,433320.375,948
949,193889.59375,433320.375,949
950,193889.5625,433320.34375,950
951,193889.546875,433320.34375,951
952,193889.515625,433320.25,952
953,193889.5,433320.25,953
954,193889.421875,433320.21875,954
955,193889.421875,433320.1875,955
956,193889.34375,433320.125,956
957,193889.328125,433320.125,957
958,193889.28125,433320.0625,958
959,193889.25,433320.0625,959
960,193889.234375,433320.0,960
961,193889.171875,433320.0,961
962,193889.15625,433319.96875,962
963,193889.109375,433319.9375,963
964,193889.0625,433319.9375,964
965,193889.03125,433319.90625,965
966,193888.984375,433319.8125,966
967,193888.953125,433319.78125,967
968,193888.921875,433319.78125,968
969,193888.890625,433319.75,969
970,193888.859375,433319.71875,970
971,193888.8125,433319.6875,971
972,193888.765625,433319.65625,972
973,193888.734375,433319.65625,973
974,193888.6875,433319.59375,974
975,193888.640625,433319.59375,975
976,193888.640625,433319.5,976
977,193888.59375,433319.46875,977
978,193888.546875,433319.46875,978
979,193888.515625,433319.375,979
980,193888.484375,433319.375,980
981,193888.421875,433319.375,981
982,193888.390625,433319.34375,982
983,193888.375,433319.3125,983
984,193888.3125,433319.25,984
985,193888.265625,433319.21875,985
986,193888.25,433319.21875,986
987,193888.234375,433319.15625,987
988,193888.171875,433319.15625,988
989,193888.125,433319.09375,989
990,193888.09375,433319.09375,990
991,193888.078125,433319.0625,991
992,193888.03125,433319.03125,992
993,193887.984375,433318.9375,993
994,193887.96875,433318.9375,994
995,193887.90625,433318.90625,995
996,193887.875,433318.90625,996
997,193887.859375,433318.875,997
998,193887.828125,433318.8125,998
999,193887.78125,433318.8125,999
1000,193887.75,433318.78125,1000
1001,193887.703125,433318.75,1001
1002,193887.65625,433318.75,1002
1003,193887.625,433318.65625,1003
1004,193887.59375,433318.625,1004
1005,193887.5625,433318.59375,1005
1006,193887.515625,433318.53125,1006
1007,193887.484375,433318.53125,1007
1008,193887.453125,433318.5,1008
1009,193887.390625,433318.5,1009
1010,193887.359375,433318.375,1010
1011,193887.328125,433318.375,1011
1012,193887.28125,433318.34375,1012
1013,193887.265625,433318.34375,1013
1014,193887.234375,433318.3125,1014
1015,193887.1875,433318.28125,1015
1016,193887.140625,433318.21875,1016
1017,193887.109375,433318.1875,1017
1018,193887.078125,433318.1875,1018
1019,193887.015625,433318.09375,1019
1020,193887.0,433318.09375,1020
1021,193886.953125,433318.03125,1021
1022,193886.9375,433318.03125,1022
1023,193886.875,433318.0,1023
1024,193886.84375,433317.96875,1024
1025,193886.796875,433317.96875,1025
1026,193886.765625,433317.96875,1026
1027,193886.71875,433317.90625,1027
1028,193886.6875,433317.90625,1028
1029,193886.671875,433317.8125,1029
1030,193886.59375,433317.8125,1030
1031,193886.578125,433317.75,1031
1032,193886.53125,433317.75,1032
1033,193886.484375,433317.75,1033
1034,193886.453125,433317.6875,1034
1035,193886.4375,433317.65625,1035
1036,193886.359375,433317.625,1036
1037,193886.34375,433317.59375,1037
1038,193886.296875,433317.53125,1038
1039,193886.28125,433317.5,1039
1040,193886.234375,433317.46875,1040
1041,193886.1875,433317.46875,1041
1042,193886.15625,433317.40625,1042
1043,193886.109375,433317.40625,1043
1044,193886.078125,433317.34375,1044
1045,193886.046875,433317.34375,1045
1046,193886.015625,433317.3125,1046
1047,193885.96875,433317.25,1047
1048,193885.921875,433317.1875,1048
1049,193885.890625,433317.1875,1049
1050,193885.84375,433317.125,1050
1051,193885.828125,433317.125,1051
1052,193885.78125,433317.125,1052
1053,193885.71875,433317.0625,1053
1054,193885.71875,433317.0625,1054
1055,193885.671875,433316.96875,1055
1056,193885.625,433316.96875,1056
1057,193885.59375,433316.90625,1057
1058,193885.546875,433316.90625,1058
1059,193885.53125,433316.84375,1059
1060,193885.46875,433316.84375,1060
1061,193885.4375,433316.78125,1061
1062,193885.40625,433316.78125,1062
1063,193885.375,433316.75,1063
1064,193885.328125,433316.6875,1064
1065,193885.296875,433316.65625,1065
1066,193885.25,433316.625,1066
1067,193885.203125,433316.625,1067
1068,193885.171875,433316.5625,1068
1069,193885.125,433316.5625,1069
1070,193885.078125,433316.5,1070
1071,193885.03125,433316.5,1071
1072,193885.015625,433316.40625,1072
1073,193884.984375,433316.40625,1073
1074,193884.953125,433316.34375,1074
1075,193884.875,433316.34375,1075
1076,193884.859375,433316.28125,1076
1077,193884.8125,433316.28125,1077
1078,193884.765625,433316.21875,1078
1079,193884.75,433316.21875,1079
1080,193884.6875,433316.1875,1080
1081,193884.65625,433316.125,1081
1082,193884.640625,433316.09375,1082
1083,193884.609375,433316.0625,1083
1084,193884.53125,433316.03125,1084
1085,193884.5,433316.0,1085
1086,193884.484375,433315.96875,1086
1087,193884.421875,433315.9375,1087
1088,193884.375,433315.9375,1088
1089,193884.375,433315.875,1089
1090,193884.3125,433315.875,1090
1091,193884.265625,433315.78125,1091
1092,193884.234375,433315.78125,1092
1093,193884.171875,433315.75,1093
1094,193884.15625,433315.71875,1094
1095,193884.125,433315.71875,1095
1096,193884.09375,433315.625,1096
1097,193884.046875,433315.625,1097
1098,193884.0,433315.59375,1098
1099,193883.984375,433315.53125,1099
1100,193883.953125,433315.5,1100
1101,193883.890625,433315.5,1101
1102,193883.859375,433315.4375,1102
1103,193883.828125,433315.4375,1103
1104,193883.765625,433315.375,1104
1105,193883.734375,433315.375,1105
1106,193883.703125,433315.3125,1106
1107,193883.640625,433315.25,1107
1108,193883.609375,433315.25,1108
1109,193883.578125,433315.15625,1109
1110,193883.5625,433315.15625,1110
1111,193883.484375,433315.15625,1111
1112,193883.453125,433315.09375,1112
1113,193883.40625,433315.09375,1113
1114,193883.375,433315.03125,1114
1115,193883.328125,433315.03125,1115
1116,193883.28125,433315.03125,1116
1117,193883.25,433314.9375,1117
1118,193883.234375,433314.9375,1118
1119,193883.203125,433314.875,1119
1120,193883.125,433314.875,1120
1121,193883.109375,433314.8125,1121
1122,193883.078125,433314.8125,1122
1123,193883.015625,433314.8125,1123
1124,193882.984375,433314.75,1124
1125,193882.96875,433314.6875,1125
1126,193882.921875,433314.65625,1126
1127,193882.875,433314.59375,1127
1128,193882.828125,433314.59375,1128
1129,193882.765625,433314.53125,1129
1130,193882.734375,433314.53125,1130
1131,193882.703125,433314.5,1131
1132,193882.6875,433314.46875,1132
1133,193882.625,433314.46875,1133
1134,193882.59375,433314.375,1134
1135,193882.546875,433314.34375,1135
1136,193882.5,433314.3125,1136
1137,193882.46875,433314.28125,1137
1138,193882.4375,433314.25,1138
1139,193882.421875,433314.21875,1139
1140,193882.359375,433314.1875,1140
1141,193882.3125,433314.1875,1141
1142,193882.28125,433314.09375,1142
1143,193882.25,433314.09375,1143
1144,193882.21875,433314.03125,1144
1145,193882.171875,433314.0,1145
1146,193882.140625,433313.96875,1146
1147,193882.078125,433313.9375,1147
1148,193882.046875,433313.90625,1148
1149,193882.015625,433313.875,1149
1150,193881.96875,433313.8125,1150
1151,193881.9375,433313.78125,1151
1152,193881.90625,433313.75,1152
1153,193881.859375,433313.71875,1153
1154,193881.796875,433313.6875,1154
1155,193881.78125,433313.65625,1155
1156,193881.71875,433313.625,1156
1157,193881.6875,433313.625,1157
1158,193881.65625,433313.53125,1158
1159,193881.59375,433313.53125,1159
1160,193881.546875,433313.5,1160
1161,193881.546875,433313.46875,1161
1162,193881.5,433313.4375,1162
1163,193881.4375,433313.40625,1163
1164,193881.40625,433313.34375,1164
1165,193881.375,433313.25,1165
1166,193881.328125,433313.25,1166
1167,193881.28125,433313.25,1167
1168,193881.25,433313.1875,1168
1169,193881.203125,433313.1875,1169
1170,193881.15625,433313.125,1170
1171,193881.140625,433313.125,1171
1172,193881.078125,433313.0625,1172
1173,193881.046875,433313.03125,1173
1174,193881.015625,433312.96875,1174
1175,193880.984375,433312.90625,1175
1176,193880.921875,433312.90625,1176
1177,193880.875,433312.875,1177
1178,193880.859375,433312.84375,1178
1179,193880.796875,433312.84375,1179
1180,193880.765625,433312.78125,1180
1181,193880.71875,433312.78125,1181
1182,193880.671875,433312.6875,1182
1183,193880.640625,433312.6875,1183
1184,193880.625,433312.625,1184
1185,193880.546875,433312.625,1185
1186,193880.53125,433312.5625,1186
1187,193880.5,433312.5625,1187
1188,193880.4375,433312.5,1188
1189,193880.390625,433312.5,1189
1190,193880.375,433312.40625,1190
1191,193880.3125,433312.40625,1191
1192,193880.28125,433312.34375,1192
1193,193880.234375,433312.34375,1193
1194,193880.203125,433312.28125,1194
1195,193880.171875,433312.25,1195
1196,193880.125,433312.25,1196
1197,193880.09375,433312.21875,1197
1198,193880.046875,433312.125,1198
1199,193880.0,433312.125,1199
1200,193879.96875,433312.0625,1200
1201,193879.90625,433312.0625,1201
1202,193879.875,433312.0,1202
1203,193879.828125,433312.0,1203
1204,193879.796875,433311.96875,1204
1205,193879.765625,433311.90625,1205
1206,193879.734375,433311.90625,1206
1207,193879.6875,433311.8125,1207
1208,193879.640625,433311.8125,1208
1209,193879.59375,433311.75,1209
1210,193879.53125,433311.75,1210
1211,193879.515625,433311.75,1211
1212,193879.484375,433311.6875,1212
1213,193879.4375,433311.6875,1213
1214,193879.390625,433311.625,1214
1215,193879.34375,433311.625,1215
1216,193879.3125,433311.5,1216
1217,193879.265625,433311.5,1217
1218,193879.21875,433311.5,1218
1219,193879.1875,433311.4375,1219
1220,193879.140625,433311.4375,1220
1221,193879.09375,433311.375,1221
1222,193879.078125,433311.34375,1222
1223,193879.015625,433311.3125,1223
1224,193878.984375,433311.21875,1224
1225,193878.953125,433311.21875,1225
1226,193878.890625,433311.15625,1226
1227,193878.859375,433311.15625,1227
1228,193878.8125,433311.09375,1228
1229,193878.765625,433311.09375,1229
1230,193878.734375,433311.03125,1230
1231,193878.703125,433311.03125,1231
1232,193878.671875,433311.03125,1232
1233,193878.59375,433310.9375,1233
1234,193878.578125,433310.90625,1234
1235,193878.5,433310.875,1235
1236,193878.484375,433310.8125,1236
1237,193878.46875,433310.8125,1237
1238,193878.421875,433310.75,1238
1239,193878.359375,433310.75,1239
1240,193878.3125,433310.65625,1240
1241,193878.3125,433310.65625,1241
1242,193878.234375,433310.59375,1242
1243,193878.21875,433310.59375,1243
1244,193878.15625,433310.53125,1244
1245,193878.140625,433310.5,1245
1246,193878.078125,433310.46875,1246
1247,193878.046875,433310.46875,1247
1248,193877.984375,433310.375,1248
1249,193877.96875,433310.375,1249
1250,193877.921875,433310.3125,1250
1251,193877.890625,433310.3125,1251
1252,193877.84375,433310.25,1252
1253,193877.796875,433310.21875,1253
1254,193877.765625,433310.1875,1254
1255,193877.71875,433310.125,1255
1256,193877.671875,433310.09375,1256
1257,193877.625,433310.03125,1257
1258,193877.59375,433310.03125,1258
1259,193877.546875,433310.0,1259
1260,193877.515625,433309.96875,1260
1261,193877.453125,433309.9375,1261
1262,193877.4375,433309.90625,1262
1263,193877.390625,433309.8125,1263
1264,193877.328125,433309.8125,1264
1265,193877.28125,433309.75,1265
1266,193877.25,433309.75,1266
1267,193877.234375,433309.71875,1267
1268,193877.15625,433309.6875,1268
1269,193877.125,433309.65625,1269
1270,193877.109375,433309.59375,1270
1271,193877.046875,433309.59375,1271
1272,193877.015625,433309.46875,1272
1273,193876.9375,433309.46875,1273
1274,193876.921875,433309.46875,1274
1275,193876.890625,433309.40625,1275
1276,193876.828125,433309.40625,1276
1277,193876.796875,433309.34375,1277
1278,193876.75,433309.34375,1278
1279,193876.6875,433309.25,1279
1280,193876.671875,433309.1875,1280
1281,193876.625,433309.1875,1281
1282,193876.609375,433309.125,1282
1283,193876.546875,433309.125,1283
1284,193876.53125,433309.0625,1284
1285,193876.46875,433309.0625,1285
1286,193876.421875,433308.96875,1286
1287,193876.390625,433308.96875,1287
1288,193876.359375,433308.90625,1288
1289,193876.296875,433308.90625,1289
1290,193876.25,433308.84375,1290
1291,193876.21875,433308.84375,1291
1292,193876.15625,433308.78125,1292
1293,193876.15625,433308.75,1293
1294,193876.109375,433308.6875,1294
1295,193876.046875,433308.625,1295
1296,193876.03125,433308.625,1296
1297,193875.984375,433308.5625,1297
1298,193875.921875,433308.5625,1298
1299,193875.890625,433308.5,1299
1300,193875.859375,433308.46875,1300
1301,193875.796875,433308.46875,1301
1302,193875.765625,433308.40625,1302
1303,193875.734375,433308.34375,1303
1304,193875.6875,433308.34375,1304
1305,193875.625,433308.28125,1305
1306,193875.59375,433308.25,1306
1307,193875.53125,433308.21875,1307
1308,193875.5,433308.125,1308
1309,193875.484375,433308.1875,1309
1310,193875.40625,433308.125,1310
1311,193875.359375,433308.0625,1311
1312,193875.34375,433308.0625,1312
1313,193875.28125,433308.0,1313
1314,193875.25,433308.0,1314
1315,193875.203125,433307.9375,1315
1316,193875.171875,433307.90625,1316
1317,193875.125,433307.875,1317
1318,193875.078125,433307.8125,1318
1319,193875.046875,433307.78125,1319
1320,193875.0,433307.71875,1320
1321,193874.953125,433307.71875,1321
1322,193874.921875,433307.6875,1322
1323,193874.875,433307.65625,1323
1324,193874.828125,433307.625,1324
1325,193874.796875,433307.59375,1325
1326,193874.734375,433307.5,1326
1327,193874.703125,433307.5,1327
1328,193874.65625,433307.4375,1328
1329,193874.609375,433307.4375,1329
1330,193874.5625,433307.40625,1330
1331,193874.53125,433307.3125,1331
1332,193874.5,433307.3125,1332
1333,193874.453125,433307.21875,1333
1334,193874.421875,433307.21875,1334
1335,193874.359375,433307.15625,1335
1336,193874.34375,433307.15625,1336
1337,193874.296875,433307.125,1337
1338,193874.234375,433307.0625,1338
1339,193874.1875,433307.03125,1339
1340,193874.15625,433307.03125,1340
1341,193874.109375,433306.9375,1341
1342,193874.0625,433306.875,1342
1343,193874.03125,433306.875,1343
1344,193873.984375,433306.8125,1344
1345,193873.953125,433306.8125,1345
1346,193873.90625,433306.75,1346
1347,193873.859375,433306.75,1347
1348,193873.8125,433306.6875,1348
1349,193873.765625,433306.65625,1349
1350,193873.75,433306.65625,1350
1351,193873.703125,433306.59375,1351
1352,193873.640625,433306.53125,1352
1353,193873.578125,433306.5,1353
1354,193873.546875,433306.46875,1354
1355,193873.515625,433306.40625,1355
1356,193873.46875,433306.375,1356
1357,193873.421875,433306.3125,1357
1358,193873.375,433306.3125,1358
1359,193873.34375,433306.28125,1359
1360,193873.296875,433306.25,1360
1361,193873.25,433306.21875,1361
1362,193873.234375,433306.125,1362
1363,193873.15625,433306.09375,1363
1364,193873.140625,433306.03125,1364
1365,193873.109375,433306.03125,1365
1366,193873.046875,433306.0,1366
1367,193872.984375,433305.96875,1367
1368,193872.9375,433305.90625,1368
1369,193872.90625,433305.90625,1369
1370,193872.875,433305.8125,1370
1371,193872.8125,433305.8125,1371
1372,193872.796875,433305.78125,1372
1373,193872.75,433305.71875,1373
1374,193872.6875,433305.6875,1374
1375,193872.640625,433305.65625,1375
1376,193872.625,433305.625,1376
1377,193872.546875,433305.59375,1377
1378,193872.53125,433305.53125,1378
1379,193872.46875,433305.5,1379
1380,193872.4375,433305.46875,1380
1381,193872.40625,433305.40625,1381
1382,193872.375,433305.40625,1382
1383,193872.3125,433305.375,1383
1384,193872.28125,433305.3125,1384
1385,193872.234375,433305.25,1385
1386,193872.203125,433305.21875,1386
1387,193872.15625,433305.1875,1387
1388,193872.09375,433305.125,1388
1389,193872.046875,433305.125,1389
1390,193872.015625,433305.0625,1390
1391,193871.96875,433305.03125,1391
1392,193871.921875,433304.96875,1392
1393,193871.890625,433304.96875,1393
1394,193871.84375,433304.875,1394
1395,193871.78125,433304.84375,1395
1396,193871.75,433304.84375,1396
1397,193871.703125,433304.78125,1397
1398,193871.65625,433304.78125,1398
1399,193871.625,433304.6875,1399
1400,193871.578125,433304.6875,1400
1401,193871.515625,433304.625,1401
1402,193871.5,433304.625,1402
1403,193871.4375,433304.5625,1403
1404,193871.40625,433304.5625,1404
1405,193871.359375,433304.5,1405
1406,193871.328125,433304.5,1406
1407,193871.265625,433304.46875,1407
1408,193871.234375,433304.40625,1408
1409,193871.203125,433304.375,1409
1410,193871.125,433304.3125,1410
1411,193871.09375,433304.28125,1411
1412,193871.0625,433304.28125,1412
1413,193871.0,433304.21875,1413
1414,193870.96875,433304.125,1414
1415,193870.921875,433304.125,1415
1416,193870.875,433304.0625,1416
1417,193870.828125,433304.0625,1417
1418,193870.796875,433304.0,1418
1419,193870.734375,433303.96875,1419
1420,193870.6875,433303.9375,1420
1421,193870.671875,433303.875,1421
1422,193870.625,433303.875,1422
1423,193870.5625,433303.8125,1423
1424,193870.53125,433303.78125,1424
1425,193870.484375,433303.71875,1425
1426,193870.453125,433303.71875,1426
1427,193870.40625,433303.65625,1427
1428,193870.359375,433303.65625,1428
1429,193870.3125,433303.59375,1429
1430,193870.296875,433303.53125,1430
1431,193870.234375,433303.5,1431
1432,193870.1875,433303.4375,1432
1433,193870.15625,433303.4375,1433
1434,193870.09375,433303.375,1434
1435,193870.03125,433303.375,1435
1436,193870.015625,433303.3125,1436
1437,193869.96875,433303.3125,1437
1438,193869.921875,433303.21875,1438
1439,193869.84375,433303.21875,1439
1440,193869.828125,433303.125,1440
1441,193869.78125,433303.09375,1441
1442,193869.75,433303.09375,1442
1443,193869.6875,433303.03125,1443
1444,193869.65625,433302.96875,1444
1445,193869.59375,433302.9375,1445
1446,193869.578125,433302.9375,1446
1447,193869.53125,433302.875,1447
1448,193869.46875,433302.84375,1448
1449,193869.4375,433302.8125,1449
1450,193869.40625,433302.8125,1450
1451,193869.328125,433302.6875,1451
1452,193869.296875,433302.65625,1452
1453,193869.265625,433302.65625,1453
1454,193869.1875,433302.625,1454
1455,193869.15625,433302.59375,1455
1456,193869.125,433302.53125,1456
1457,193869.078125,433302.46875,1457
1458,193869.03125,433302.46875,1458
1459,193869.0,433302.40625,1459
1460,193868.9375,433302.375,1460
1461,193868.90625,433302.34375,1461
1462,193868.828125,433302.28125,1462
1463,193868.8125,433302.28125,1463
1464,193868.765625,433302.25,1464
1465,193868.734375,433302.21875,1465
1466,193868.671875,433302.125,1466
1467,193868.640625,433302.09375,1467
1468,193868.59375,433302.03125,1468
1469,193868.546875,433302.03125,1469
1470,193868.5,433301.96875,1470
1471,193868.4375,433301.9375,1471
1472,193868.421875,433301.90625,1472
1473,193868.375,433301.8125,1473
1474,193868.34375,433301.8125,1474
1475,193868.28125,433301.78125,1475
1476,193868.234375,433301.75,1476
1477,193868.203125,433301.6875,1477
1478,193868.15625,433301.6875,1478
1479,193868.109375,433301.625,1479
1480,193868.03125,433301.625,1480
1481,193868.015625,433301.53125,1481
1482,193867.96875,433301.5,1482
1483,193867.90625,433301.46875,1483
1484,193867.875,433301.4375,1484
1485,193867.84375,433301.4375,1485
1486,193867.78125,433301.40625,1486
1487,193867.75,433301.375,1487
1488,193867.703125,433301.3125,1488
1489,193867.625,433301.25,1489
1490,193867.609375,433301.21875,1490
1491,193867.5625,433301.1875,1491
1492,193867.515625,433301.125,1492
1493,193867.46875,433301.125,1493
1494,193867.40625,433301.0625,1494
1495,193867.375,433301.03125,1495
1496,193867.34375,433300.96875,1496
1497,193867.265625,433300.9375,1497
1498,193867.234375,433300.90625,1498
1499,193867.203125,433300.84375,1499
1500,193867.171875,433300.8125,1500
1501,193867.09375,433300.78125,1501
1502,193867.0625,433300.6875,1502
1503,193867.046875,433300.6875,1503
1504,193866.96875,433300.625,1504
1505,193866.921875,433300.625,1505
1506,193866.875,433300.5625,1506
1507,193866.84375,433300.5625,1507
1508,193866.8125,433300.5,1508
1509,193866.75,433300.46875,1509
1510,193866.71875,433300.40625,1510
1511,193866.6875,433300.375,1511
1512,193866.609375,433300.34375,1512
1513,193866.578125,433300.28125,1513
1514,193866.546875,433300.28125,1514
1515,193866.484375,433300.21875,1515
1516,193866.453125,433300.21875,1516
1517,193866.375,433300.125,1517
1518,193866.34375,433300.0625,1518
1519,193866.3125,433300.03125,1519
1520,193866.25,433300.0,1520
1521,193866.21875,433299.9375,1521
1522,193866.171875,433299.9375,1522
1523,193866.140625,433299.875,1523
1524,193866.0625,433299.875,1524
1525,193866.046875,433299.78125,1525
1526,193865.984375,433299.78125,1526
1527,193865.9375,433299.71875,1527
1528,193865.890625,433299.6875,1528
1529,193865.84375,433299.65625,1529
1530,193865.796875,433299.625,1530
1531,193865.765625,433299.59375,1531
1532,193865.71875,433299.5,1532
1533,193865.671875,433299.5,1533
1534,193865.625,433299.4375,1534
1535,193865.5625,433299.4375,1535
1536,193865.53125,433299.375,1536
1537,193865.5,433299.3125,1537
1538,193865.4375,433299.3125,1538
1539,193865.390625,433299.25,1539
1540,193865.34375,433299.21875,1540
1541,193865.296875,433299.15625,1541
1542,193865.265625,433299.09375,1542
1543,193865.203125,433299.09375,1543
1544,193865.15625,433299.03125,1544
1545,193865.125,433299.03125,1545
1546,193865.0625,433298.9375,1546
1547,193865.03125,433298.90625,1547
1548,193864.984375,433298.875,1548
1549,193864.9375,433298.84375,1549
1550,193864.890625,433298.78125,1550
1551,193864.859375,433298.75,1551
1552,193864.8125,433298.6875,1552
1553,193864.78125,433298.65625,1553
1554,193864.734375,433298.59375,1554
1555,193864.65625,433298.59375,1555
1556,193864.640625,433298.5625,1556
1557,193864.59375,433298.53125,1557
1558,193864.53125,433298.5,1558
1559,193864.5,433298.46875,1559
1560,193864.46875,433298.375,1560
1561,193864.40625,433298.34375,1561
1562,193864.359375,433298.3125,1562
1563,193864.3125,433298.25,1563
1564,193864.265625,433298.25,1564
1565,193864.21875,433298.1875,1565
1566,193864.171875,433298.1875,1566
1567,193864.140625,433298.09375,1567
1568,193864.078125,433298.0625,1568
1569,193864.03125,433298.0,1569
1570,193864.0,433298.03125,1570
1571,193863.953125,433297.96875,1571
1572,193863.890625,433297.9375,1572
1573,193863.84375,433297.90625,1573
1574,193863.796875,433297.875,1574
1575,193863.75,433297.78125,1575
1576,193863.71875,433297.75,1576
1577,193863.640625,433297.6875,1577
1578,193863.625,433297.6875,1578
1579,193863.578125,433297.625,1579
1580,193863.515625,433297.625,1580
1581,193863.46875,433297.53125,1581
1582,193863.40625,433297.53125,1582
1583,193863.390625,433297.46875,1583
1584,193863.34375,433297.4375,1584
1585,193863.3125,433297.40625,1585
1586,193863.25,433297.34375,1586
1587,193863.203125,433297.3125,1587
1588,193863.140625,433297.25,1588
1589,193863.125,433297.1875,1589
1590,193863.0625,433297.1875,1590
1591,193863.0,433297.125,1591
1592,193862.984375,433297.09375,1592
1593,193862.953125,433297.0625,1593
1594,193862.890625,433297.03125,1594
1595,193862.828125,433296.9375,1595
1596,193862.796875,433296.90625,1596
1597,193862.75,433296.875,1597
1598,193862.71875,433296.84375,1598
1599,193862.65625,433296.78125,1599
1600,193862.609375,433296.78125,1600
1601,193862.578125,433296.6875,1601
1602,193862.53125,433296.65625,1602
1603,193862.46875,433296.625,1603
1604,193862.421875,433296.59375,1604
1605,193862.359375,433296.53125,1605
1606,193862.328125,433296.5,1606
1607,193862.296875,433296.46875,1607
1608,193862.234375,433296.40625,1608
1609,193862.203125,433296.34375,1609
1610,193862.15625,433296.34375,1610
1611,193862.109375,433296.28125,1611
1612,193862.0625,433296.28125,1612
1613,193861.984375,433296.21875,1613
1614,193861.953125,433296.1875,1614
1615,193861.90625,433296.125,1615
1616,193861.859375,433296.09375,1616
1617,193861.828125,433296.0,1617
1618,193861.78125,433296.0,1618
1619,193861.75,433295.9375,1619
1620,193861.6875,433295.9375,1620
1621,193861.640625,433295.875,1621
1622,193861.59375,433295.875,1622
1623,193861.546875,433295.78125,1623
1624,193861.515625,433295.75,1624
1625,193861.4375,433295.71875,1625
1626,193861.375,433295.65625,1626
1627,193861.34375,433295.625,1627
1628,193861.3125,433295.59375,1628
1629,193861.28125,433295.5,1629
1630,193861.203125,433295.5,1630
1631,193861.171875,433295.4375,1631
1632,193861.125,433295.4375,1632
1633,193861.0625,433295.375,1633
1634,193861.015625,433295.34375,1634
1635,193861.0,433295.3125,1635
1636,193860.9375,433295.21875,1636
1637,193860.90625,433295.1875,1637
1638,193860.828125,433295.15625,1638
1639,193860.8125,433295.09375,1639
1640,193860.78125,433295.09375,1640
1641,193860.71875,433295.03125,1641
1642,193860.671875,433294.96875,1642
1643,193860.640625,433294.90625,1643
1644,193860.59375,433294.875,1644
1645,193860.515625,433294.84375,1645
1646,193860.484375,433294.8125,1646
1647,193860.4375,433294.75,1647
1648,193860.390625,433294.75,1648
1649,193860.34375,433294.65625,1649
1650,193860.296875,433294.65625,1650
1651,193860.25,433294.59375,1651
1652,193860.203125,433294.5625,1652
1653,193860.140625,433294.53125,1653
1654,193860.109375,433294.46875,1654
1655,193860.046875,433294.40625,1655
1656,193860.015625,433294.375,1656
1657,193859.953125,433294.3125,1657
1658,193859.890625,433294.3125,1658
1659,193859.859375,433294.25,1659
1660,193859.796875,433294.1875,1660
1661,193859.765625,433294.1875,1661
1662,193859.71875,433294.1875,1662
1663,193859.6875,433294.09375,1663
1664,193859.609375,433294.03125,1664
1665,193859.59375,433294.0,1665
1666,193859.515625,433293.96875,1666
1667,193859.484375,433293.9375,1667
1668,193859.4375,433293.875,1668
1669,193859.390625,433293.8125,1669
1670,193859.328125,433293.78125,1670
1671,193859.28125,433293.75,1671
1672,193859.25,433293.6875,1672
1673,193859.1875,433293.6875,1673
1674,193859.140625,433293.625,1674
1675,193859.109375,433293.625,1675
1676,193859.0625,433293.53125,1676
1677,193858.984375,433293.5,1677
1678,193858.953125,433293.4375,1678
1679,193858.890625,433293.40625,1679
1680,193858.859375,433293.375,1680
1681,193858.8125,433293.34375,1681
1682,193858.765625,433293.25,1682
1683,193858.734375,433293.25,1683
1684,193858.703125,433293.1875,1684
1685,193858.65625,433293.1875,1685
1686,193858.59375,433293.125,1686
1687,193858.546875,433293.125,1687
1688,193858.5,433292.96875,1688
1689,193858.453125,433292.96875,1689
1690,193858.375,433292.90625,1690
1691,193858.375,433292.90625,1691
1692,193858.3125,433292.84375,1692
1693,193858.25,433292.84375,1693
1694,193858.21875,433292.78125,1694
1695,193858.171875,433292.75,1695
1696,193858.09375,433292.6875,1696
1697,193858.0625,433292.65625,1697
1698,193858.046875,433292.59375,1698
1699,193857.96875,433292.5625,1699
1700,193857.9375,433292.5,1700
1701,193857.890625,433292.5,1701
1702,193857.84375,433292.40625,1702
1703,193857.78125,433292.375,1703
1704,193857.75,433292.34375,1704
1705,193857.6875,433292.3125,1705
1706,193857.640625,433292.25,1706
1707,193857.59375,433292.21875,1707
1708,193857.53125,433292.1875,1708
1709,193857.515625,433292.125,1709
1710,193857.453125,433292.0625,1710
1711,193857.40625,433292.03125,1711
1712,193857.328125,433291.96875,1712
1713,193857.296875,433291.9375,1713
1714,193857.265625,433291.9375,1714
1715,193857.234375,433291.8125,1715
1716,193857.15625,433291.78125,1716
1717,193857.125,433291.78125,1717
1718,193857.0625,433291.71875,1718
1719,193857.015625,433291.6875,1719
1720,193856.953125,433291.65625,1720
1721,193856.90625,433291.59375,1721
1722,193856.859375,433291.59375,1722
1723,193856.828125,433291.5,1723
1724,193856.765625,433291.5,1724
1725,193856.71875,433291.40625,1725
1726,193856.671875,433291.375,1726
1727,193856.640625,433291.375,1727
1728,193856.59375,433291.3125,1728
1729,193856.546875,433291.21875,1729
1730,193856.5,433291.21875,1730
1731,193856.4375,433291.15625,1731
1732,193856.40625,433291.15625,1732
1733,193856.359375,433291.09375,1733
1734,193856.3125,433291.09375,1734
1735,193856.265625,433290.9375,1735
1736,193856.203125,433290.9375,1736
1737,193856.171875,433290.875,1737
1738,193856.125,433290.84375,1738
1739,193856.078125,433290.8125,1739
1740,193856.03125,433290.75,1740
1741,193855.984375,433290.75,1741
1742,193855.90625,433290.65625,1742
1743,193855.859375,433290.65625,1743
1744,193855.828125,433290.59375,1744
1745,193855.78125,433290.5625,1745
1746,193855.734375,433290.5,1746
1747,193855.6875,433290.46875,1747
1748,193855.625,433290.375,1748
1749,193855.578125,433290.375,1749
1750,193855.53125,433290.375,1750
1751,193855.484375,433290.3125,1751
1752,193855.453125,433290.25,1752
1753,193855.375,433290.21875,1753
1754,193855.328125,433290.1875,1754
1755,193855.28125,433290.09375,1755
1756,193855.25,433290.09375,1756
1757,193855.1875,433290.03125,1757
1758,193855.140625,433289.96875,1758
1759,193855.109375,433289.96875,1759
1760,193855.078125,433289.90625,1760
1761,193854.984375,433289.8125,1761
1762,193854.953125,433289.8125,1762
1763,193854.921875,433289.75,1763
1764,193854.84375,433289.75,1764
1765,193854.796875,433289.6875,1765
1766,193854.734375,433289.65625,1766
1767,193854.71875,433289.625,1767
1768,193854.671875,433289.59375,1768
1769,193854.609375,433289.5,1769
1770,193854.578125,433289.46875,1770
1771,193854.53125,433289.40625,1771
1772,193854.5,433289.40625,1772
1773,193854.4375,433289.34375,1773
1774,193854.40625,433289.34375,1774
1775,193854.34375,433289.25,1775
1776,193854.28125,433289.1875,1776
1777,193854.25,433289.1875,1777
1778,193854.1875,433289.125,1778
1779,193854.140625,433289.0625,1779
1780,193854.078125,433289.0625,1780
1781,193854.03125,433288.96875,1781
1782,193853.984375,433288.90625,1782
1783,193853.953125,433288.90625,1783
1784,193853.90625,433288.84375,1784
1785,193853.828125,433288.8125,1785
1786,193853.78125,433288.78125,1786
1787,193853.75,433288.6875,1787
1788,193853.6875,433288.65625,1788
1789,193853.640625,433288.625,1789
1790,193853.59375,433288.5625,1790
1791,193853.5625,433288.5625,1791
1792,193853.5,433288.5,1792
1793,193853.4375,433288.46875,1793
1794,193853.390625,433288.375,1794
1795,193853.328125,433288.34375,1795
1796,193853.296875,433288.34375,1796
1797,193853.234375,433288.25,1797
1798,193853.203125,433288.21875,1798
1799,193853.15625,433288.21875,1799
1800,193853.109375,433288.125,1800
1801,193853.0625,433288.0625,1801
1802,193853.015625,433288.0625,1802
1803,193852.984375,433288.0,1803
1804,193852.90625,433287.9375,1804
1805,193852.890625,433287.90625,1805
1806,193852.8125,433287.875,1806
1807,193852.75,433287.78125,1807
1808,193852.734375,433287.75,1808
1809,193852.65625,433287.71875,1809
1810,193852.625,433287.65625,1810
1811,193852.5625,433287.65625,1811
1812,193852.5,433287.59375,1812
1813,193852.46875,433287.59375,1813
1814,193852.421875,433287.5,1814
1815,193852.390625,433287.4375,1815
1816,193852.3125,433287.375,1816
1817,193852.265625,433287.375,1817
1818,193852.234375,433287.34375,1818
1819,193852.203125,433287.3125,1819
1820,193852.140625,433287.21875,1820
1821,193852.109375,433287.21875,1821
1822,193852.046875,433287.15625,1822
1823,193852.0,433287.125,1823
1824,193851.953125,433287.09375,1824
1825,193851.890625,433287.03125,1825
1826,193851.828125,433286.9375,1826
1827,193851.78125,433286.875,1827
1828,193851.765625,433286.875,1828
1829,193851.71875,433286.8125,1829
1830,193851.640625,433286.78125,1830
1831,193851.609375,433286.75,1831
1832,193851.5625,433286.75,1832
1833,193851.484375,433286.625,1833
1834,193851.453125,433286.59375,1834
1835,193851.390625,433286.59375,1835
1836,193851.34375,433286.59375,1836
1837,193851.28125,433286.5,1837
1838,193851.25,433286.40625,1838
1839,193851.203125,433286.40625,1839
1840,193851.140625,433286.34375,1840
1841,193851.09375,433286.3125,1841
1842,193851.0625,433286.28125,1842
1843,193851.0,433286.25,1843
1844,193850.9375,433286.1875,1844
1845,193850.890625,433286.125,1845
1846,193850.859375,433286.09375,1846
1847,193850.8125,433286.0625,1847
1848,193850.75,433286.03125,1848
1849,193850.6875,433286.0,1849
1850,193850.65625,433285.90625,1850
1851,193850.59375,433285.90625,1851
1852,193850.5625,433285.8125,1852
1853,193850.5,433285.75,1853
1854,193850.46875,433285.75,1854
1855,193850.40625,433285.6875,1855
1856,193850.359375,433285.625,1856
1857,193850.328125,433285.625,1857
1858,193850.25,433285.59375,1858
1859,193850.203125,433285.46875,1859
1860,193850.171875,433285.46875,1860
1861,193850.109375,433285.40625,1861
1862,193850.078125,433285.40625,1862
1863,193850.015625,433285.34375,1863
1864,193849.96875,433285.25,1864
1865,193849.921875,433285.25,1865
1866,193849.859375,433285.1875,1866
1867,193849.8125,433285.125,1867
1868,193849.75,433285.09375,1868
1869,193849.703125,433285.0625,1869
1870,193849.671875,433285.03125,1870
1871,193849.59375,433284.9375,1871
1872,193849.5625,433284.90625,1872
1873,193849.515625,433284.875,1873
1874,193849.5,433284.8125,1874
1875,193849.4375,433284.78125,1875
1876,193849.375,433284.78125,1876
1877,193849.328125,433284.65625,1877
1878,193849.28125,433284.625,1878
1879,193849.234375,433284.5625,1879
1880,193849.171875,433284.5625,1880
1881,193849.125,433284.5,1881
1882,193849.046875,433284.46875,1882
1883,193849.015625,433284.375,1883
1884,193848.953125,433284.375,1884
1885,193848.890625,433284.3125,1885
1886,193848.859375,433284.28125,1886
1887,193848.8125,433284.21875,1887
1888,193848.765625,433284.1875,1888
1889,193848.71875,433284.125,1889
1890,193848.65625,433284.0625,1890
1891,193848.625,433284.03125,1891
1892,193848.5625,433284.0,1892
1893,193848.515625,433284.0,1893
1894,193848.46875,433283.875,1894
1895,193848.40625,433283.875,1895
1896,193848.359375,433283.78125,1896
1897,193848.296875,433283.71875,1897
1898,193848.265625,433283.71875,1898
1899,193848.21875,433283.65625,1899
1900,193848.15625,433283.65625,1900
1901,193848.125,433283.59375,1901
1902,193848.09375,433283.53125,1902
1903,193848.03125,433283.4375,1903
1904,193847.984375,433283.4375,1904
1905,193847.921875,433283.375,1905
1906,193847.875,433283.3125,1906
1907,193847.828125,433283.3125,1907
1908,193847.765625,433283.21875,1908
1909,193847.71875,433283.21875,1909
1910,193847.6875,433283.15625,1910
1911,193847.625,433283.125,1911
1912,193847.5625,433283.09375,1912
1913,193847.53125,433283.03125,1913
1914,193847.453125,433282.96875,1914
1915,193847.4375,433282.9375,1915
1916,193847.375,433282.875,1916
1917,193847.3125,433282.8125,1917
1918,193847.265625,433282.78125,1918
1919,193847.234375,433282.75,1919
1920,193847.171875,433282.75,1920
1921,193847.125,433282.625,1921
1922,193847.078125,433282.59375,1922
1923,193847.015625,433282.59375,1923
1924,193846.96875,433282.53125,1924
1925,193846.921875,433282.5,1925
1926,193846.859375,433282.40625,1926
1927,193846.8125,433282.375,1927
1928,193846.75,433282.34375,1928
1929,193846.71875,433282.3125,1929
1930,193846.671875,433282.25,1930
1931,193846.59375,433282.25,1931
1932,193846.578125,433282.1875,1932
1933,193846.5,433282.09375,1933
1934,193846.46875,433282.0625,1934
1935,193846.40625,433282.0,1935
1936,193846.359375,433282.0,1936
1937,193846.296875,433281.9375,1937
1938,193846.25,433281.90625,1938
1939,193846.203125,433281.8125,1939
1940,193846.15625,433281.8125,1940
1941,193846.109375,433281.75,1941
1942,193846.0625,433281.6875,1942
1943,193846.015625,433281.625,1943
1944,193845.9375,433281.625,1944
1945,193845.90625,433281.53125,1945
1946,193845.859375,433281.46875,1946
1947,193845.796875,433281.46875,1947
1948,193845.765625,433281.40625,1948
1949,193845.71875,433281.40625,1949
1950,193845.640625,433281.34375,1950
1951,193845.59375,433281.25,1951
1952,193845.546875,433281.25,1952
1953,193845.515625,433281.1875,1953
1954,193845.453125,433281.125,1954
1955,193845.390625,433281.0625,1955
1956,193845.34375,433281.0625,1956
1957,193845.296875,433280.96875,1957
1958,193845.25,433280.96875,1958
1959,193845.1875,433280.875,1959
1960,193845.15625,433280.84375,1960
1961,193845.078125,433280.8125,1961
1962,193845.03125,433280.75,1962
1963,193845.0,433280.6875,1963
1964,193844.921875,433280.625,1964
1965,193844.875,433280.625,1965
1966,193844.828125,433280.5625,1966
1967,193844.78125,433280.53125,1967
1968,193844.75,433280.5,1968
1969,193844.671875,433280.46875,1969
1970,193844.640625,433280.375,1970
1971,193844.609375,433280.3125,1971
1972,193844.546875,433280.28125,1972
1973,193844.5,433280.25,1973
1974,193844.40625,433280.21875,1974
1975,193844.375,433280.125,1975
1976,193844.3125,433280.125,1976
1977,193844.28125,433280.0625,1977
1978,193844.203125,433280.0,1978
1979,193844.171875,433279.96875,1979
1980,193844.109375,433279.9375,1980
1981,193844.078125,433279.875,1981
1982,193844.015625,433279.78125,1982
1983,193843.96875,433279.78125,1983
1984,193843.921875,433279.71875,1984
1985,193843.859375,433279.6875,1985
1986,193843.796875,433279.65625,1986
1987,193843.75,433279.59375,1987
1988,193843.71875,433279.5,1988
1989,193843.65625,433279.46875,1989
1990,193843.609375,433279.4375,1990
1991,193843.578125,433279.375,1991
1992,193843.515625,433279.375,1992
1993,193843.46875,433279.3125,1993
1994,193843.40625,433279.21875,1994
1995,193843.375,433279.21875,1995
1996,193843.28125,433279.15625,1996
1997,193843.25,433279.125,1997
1998,193843.203125,433279.09375,1998
1999,193843.140625,433279.03125,1999
2000,193843.109375,433278.9375,2000
2001,193843.0625,433278.9375,2001
2002,193843.015625,433278.875,2002
2003,193842.96875,433278.8125,2003
2004,193842.890625,433278.78125,2004
2005,193842.84375,433278.6875,2005
2006,193842.796875,433278.6875,2006
2007,193842.734375,433278.65625,2007
2008,193842.6875,433278.625,2008
2009,193842.65625,433278.5625,2009
2010,193842.59375,433278.53125,2010
2011,193842.546875,433278.5,2011
2012,193842.484375,433278.375,2012
2013,193842.4375,433278.375,2013
2014,193842.375,433278.3125,2014
2015,193842.34375,433278.3125,2015
2016,193842.25,433278.25,2016
2017,193842.21875,433278.21875,2017
2018,193842.171875,433278.1875,2018
2019,193842.109375,433278.09375,2019
2020,193842.0625,433278.0625,2020
2021,193842.03125,433278.0,2021
2022,193841.96875,433277.96875,2022
2023,193841.90625,433277.90625,2023
2024,193841.859375,433277.90625,2024
2025,193841.796875,433277.8125,2025
2026,193841.765625,433277.75,2026
2027,193841.703125,433277.71875,2027
2028,193841.671875,433277.6875,2028
2029,193841.640625,433277.625,2029
2030,193841.5625,433277.53125,2030
2031,193841.515625,433277.53125,2031
2032,193841.46875,433277.46875,2032
2033,193841.421875,433277.4375,2033
2034,193841.375,433277.375,2034
2035,193841.296875,433277.34375,2035
2036,193841.265625,433277.3125,2036
2037,193841.1875,433277.25,2037
2038,193841.171875,433277.1875,2038
2039,193841.078125,433277.15625,2039
2040,193841.046875,433277.125,2040
2041,193840.953125,433277.0625,2041
2042,193840.921875,433276.96875,2042
2043,193840.875,433276.96875,2043
2044,193840.828125,433276.90625,2044
2045,193840.78125,433276.84375,2045
2046,193840.734375,433276.8125,2046
2047,193840.6875,433276.78125,2047
2048,193840.625,433276.6875,2048
2049,193840.5625,433276.625,2049
2050,193840.5,433276.625,2050
2051,193840.46875,433276.5625,2051
2052,193840.421875,433276.53125,2052
2053,193840.359375,433276.5,2053
2054,193840.3125,433276.40625,2054
2055,193840.265625,433276.34375,2055
2056,193840.203125,433276.3125,2056
2057,193840.15625,433276.28125,2057
2058,193840.109375,433276.21875,2058
2059,193840.046875,433276.21875,2059
2060,193839.984375,433276.125,2060
2061,193839.953125,433276.0625,2061
2062,193839.90625,433276.0625,2062
2063,193839.84375,433276.0,2063
2064,193839.796875,433275.96875,2064
2065,193839.75,433275.90625,2065
2066,193839.6875,433275.8125,2066
2067,193839.625,433275.78125,2067
2068,193839.578125,433275.71875,2068
2069,193839.515625,433275.71875,2069
2070,193839.46875,433275.65625,2070
2071,193839.40625,433275.59375,2071
2072,193839.375,433275.53125,2072
2073,193839.328125,433275.5,2073
2074,193839.28125,433275.4375,2074
2075,193839.234375,433275.375,2075
2076,193839.1875,433275.375,2076
2077,193839.125,433275.3125,2077
2078,193839.078125,433275.3125,2078
2079,193839.046875,433275.21875,2079
2080,193838.96875,433275.15625,2080
2081,193838.890625,433275.125,2081
2082,193838.875,433275.0625,2082
2083,193838.796875,433275.03125,2083
2084,193838.75,433274.9375,2084
2085,193838.703125,433274.9375,2085
2086,193838.65625,433274.875,2086
2087,193838.59375,433274.8125,2087
2088,193838.5625,433274.78125,2088
2089,193838.5,433274.6875,2089
2090,193838.4375,433274.65625,2090
2091,193838.375,433274.59375,2091
2092,193838.328125,433274.5625,2092
2093,193838.296875,433274.53125,2093
2094,193838.21875,433274.5,2094
2095,193838.171875,433274.46875,2095
2096,193838.140625,433274.375,2096
2097,193838.0625,433274.34375,2097
2098,193838.03125,433274.3125,2098
2099,193837.953125,433274.25,2099
2100,193837.921875,433274.21875,2100
2101,193837.859375,433274.1875,2101
2102,193837.8125,433274.09375,2102
2103,193837.765625,433274.03125,2103
2104,193837.703125,433274.03125,2104
2105,193837.65625,433273.96875,2105
2106,193837.59375,433273.9375,2106
2107,193837.546875,433273.90625,2107
2108,193837.515625,433273.78125,2108
2109,193837.4375,433273.75,2109
2110,193837.40625,433273.71875,2110
2111,193837.328125,433273.65625,2111
2112,193837.28125,433273.625,2112
2113,193837.234375,433273.53125,2113
2114,193837.1875,433273.53125,2114
2115,193837.125,433273.46875,2115
2116,193837.078125,433273.46875,2116
2117,193837.03125,433273.375,2117
2118,193836.953125,433273.34375,2118
2119,193836.9375,433273.3125,2119
2120,193836.859375,433273.21875,2120
2121,193836.796875,433273.1875,2121
2122,193836.765625,433273.125,2122
2123,193836.71875,433273.0625,2123
2124,193836.65625,433273.0625,2124
2125,193836.609375,433272.96875,2125
2126,193836.546875,433272.96875,2126
2127,193836.5,433272.90625,2127
2128,193836.4375,433272.8125,2128
2129,193836.390625,433272.78125,2129
2130,193836.3125,433272.75,2130
2131,193836.296875,433272.6875,2131
2132,193836.234375,433272.625,2132
2133,193836.171875,433272.5625,2133
2134,193836.125,433272.5625,2134
2135,193836.078125,433272.5,2135
2136,193836.015625,433272.46875,2136
2137,193835.984375,433272.34375,2137
2138,193835.90625,433272.34375,2138
2139,193835.859375,433272.3125,2139
2140,193835.828125,433272.21875,2140
2141,193835.75,433272.21875,2141
2142,193835.703125,433272.125,2142
2143,193835.65625,433272.125,2143
2144,193835.578125,433272.0625,2144
2145,193835.53125,433272.0,2145
2146,193835.484375,433271.96875,2146
2147,193835.4375,433271.9375,2147
2148,193835.375,433271.90625,2148
2149,193835.328125,433271.8125,2149
2150,193835.265625,433271.75,2150
2151,193835.234375,433271.71875,2151
2152,193835.171875,433271.6875,2152
2153,193835.125,433271.625,2153
2154,193835.078125,433271.59375,2154
2155,193835.0,433271.5,2155
2156,193834.96875,433271.4375,2156
2157,193834.890625,433271.4375,2157
2158,193834.859375,433271.375,2158
2159,193834.8125,433271.3125,2159
2160,193834.75,433271.3125,2160
2161,193834.703125,433271.1875,2161
2162,193834.65625,433271.15625,2162
2163,193834.59375,433271.125,2163
2164,193834.546875,433271.0625,2164
2165,193834.46875,433271.03125,2165
2166,193834.421875,433270.9375,2166
2167,193834.359375,433270.9375,2167
2168,193834.328125,433270.875,2168
2169,193834.296875,433270.8125,2169
2170,193834.21875,433270.75,2170
2171,193834.1875,433270.6875,2171
2172,193834.09375,433270.65625,2172
2173,193834.046875,433270.59375,2173
2174,193833.984375,433270.5625,2174
2175,193833.9375,433270.53125,2175
2176,193833.890625,433270.46875,2176
2177,193833.828125,433270.46875,2177
2178,193833.796875,433270.34375,2178
2179,193833.75,433270.3125,2179
2180,193833.671875,433270.3125,2180
2181,193833.625,433270.25,2181
2182,193833.578125,433270.21875,2182
2183,193833.515625,433270.1875,2183
2184,193833.453125,433270.0625,2184
2185,193833.40625,433270.03125,2185
2186,193833.375,433270.0,2186
2187,193833.296875,433269.96875,2187
2188,193833.25,433269.90625,2188
2189,193833.203125,433269.90625,2189
2190,193833.140625,433269.78125,2190
2191,193833.0625,433269.75,2191
2192,193833.03125,433269.71875,2192
2193,193832.984375,433269.625,2193
2194,193832.921875,433269.625,2194
2195,193832.859375,433269.53125,2195
2196,193832.828125,433269.46875,2196
2197,193832.765625,433269.46875,2197
2198,193832.734375,433269.40625,2198
2199,193832.65625,433269.34375,2199
2200,193832.640625,433269.3125,2200
2201,193832.5625,433269.21875,2201
2202,193832.515625,433269.1875,2202
2203,193832.46875,433269.15625,2203
2204,193832.421875,433269.125,2204
2205,193832.34375,433269.0625,2205
2206,193832.28125,433268.96875,2206
2207,193832.234375,433268.96875,2207
2208,193832.171875,433268.90625,2208
2209,193832.125,433268.84375,2209
2210,193832.078125,433268.78125,2210
2211,193832.015625,433268.75,2211
2212,193831.984375,433268.6875,2212
2213,193831.921875,433268.625,2213
2214,193831.84375,433268.59375,2214
2215,193831.796875,433268.5625,2215
2216,193831.75,433268.5,2216
2217,193831.703125,433268.40625,2217
2218,193831.65625,433268.34375,2218
2219,193831.59375,433268.34375,2219
2220,193831.53125,433268.28125,2220
2221,193831.484375,433268.21875,2221
2222,193831.4375,433268.21875,2222
2223,193831.359375,433268.125,2223
2224,193831.3125,433268.09375,2224
2225,193831.265625,433268.03125,2225
2226,193831.203125,433268.0,2226
2227,193831.140625,433267.96875,2227
2228,193831.109375,433267.875,2228
2229,193831.0625,433267.875,2229
2230,193830.984375,433267.78125,2230
2231,193830.953125,433267.71875,2231
2232,193830.875,433267.71875,2232
2233,193830.84375,433267.625,2233
2234,193830.765625,433267.59375,2234
2235,193830.71875,433267.53125,2235
2236,193830.65625,433267.4375,2236
2237,193830.625,433267.4375,2237
2238,193830.5625,433267.375,2238
2239,193830.5,433267.3125,2239
2240,193830.453125,433267.25,2240
2241,193830.40625,433267.21875,2241
2242,193830.34375,433267.15625,2242
2243,193830.28125,433267.15625,2243
2244,193830.234375,433267.0625,2244
2245,193830.1875,433267.03125,2245
2246,193830.109375,433266.96875,2246
2247,193830.078125,433266.9375,2247
2248,193830.03125,433266.875,2248
2249,193829.984375,433266.8125,2249
2250,193829.921875,433266.75,2250
2251,193829.859375,433266.75,2251
2252,193829.796875,433266.65625,2252
2253,193829.765625,433266.59375,2253
2254,193829.703125,433266.5625,2254
2255,193829.65625,433266.53125,2255
2256,193829.59375,433266.46875,2256
2257,193829.53125,433266.40625,2257
2258,193829.46875,433266.34375,2258
2259,193829.421875,433266.3125,2259
2260,193829.390625,433266.25,2260
2261,193829.328125,433266.1875,2261
2262,193829.265625,433266.1875,2262
2263,193829.203125,433266.09375,2263
2264,193829.140625,433266.03125,2264
2265,193829.109375,433266.03125,2265
2266,193829.046875,433265.96875,2266
2267,193829.0,433265.9375,2267
2268,193828.921875,433265.90625,2268
2269,193828.90625,433265.8125,2269
2270,193828.828125,433265.78125,2270
2271,193828.796875,433265.71875,2271
2272,193828.71875,433265.6875,2272
2273,193828.671875,433265.625,2273
2274,193828.609375,433265.53125,2274
2275,193828.546875,433265.53125,2275
2276,193828.5,433265.46875,2276
2277,193828.421875,433265.40625,2277
2278,193828.390625,433265.375,2278
2279,193828.34375,433265.3125,2279
2280,193828.28125,433265.25,2280
2281,193828.234375,433265.21875,2281
2282,193828.171875,433265.1875,2282
2283,193828.109375,433265.125,2283
2284,193828.046875,433265.0625,2284
2285,193828.015625,433265.0625,2285
2286,193827.953125,433264.96875,2286
2287,193827.890625,433264.90625,2287
2288,193827.84375,433264.875,2288
2289,193827.78125,433264.84375,2289
2290,193827.734375,433264.78125,2290
2291,193827.703125,433264.6875,2291
2292,193827.625,433264.625,2292
2293,193827.578125,433264.625,2293
2294,193827.53125,433264.5625,2294
2295,193827.46875,433264.5,2295
2296,193827.4375,433264.46875,2296
2297,193827.34375,433264.375,2297
2298,193827.3125,433264.34375,2298
2299,193827.25,433264.28125,2299
2300,193827.1875,433264.21875,2300
2301,193827.140625,433264.21875,2301
2302,193827.09375,433264.125,2302
2303,193827.015625,433264.09375,2303
2304,193826.984375,433264.0625,2304
2305,193826.921875,433264.0,2305
2306,193826.859375,433263.9375,2306
2307,193826.8125,433263.875,2307
2308,193826.765625,433263.875,2308
2309,193826.703125,433263.78125,2309
2310,193826.625,433263.71875,2310
2311,193826.59375,433263.6875,2311
2312,193826.546875,433263.625,2312
2313,193826.484375,433263.53125,2313
2314,193826.4375,433263.5,2314
2315,193826.359375,433263.4375,2315
2316,193826.3125,433263.4375,2316
2317,193826.25,433263.375,2317
2318,193826.203125,433263.3125,2318
2319,193826.15625,433263.25,2319
2320,193826.09375,433263.21875,2320
2321,193826.03125,433263.15625,2321
2322,193825.96875,433263.09375,2322
2323,193825.9375,433263.0625,2323
2324,193825.859375,433263.03125,2324
2325,193825.8125,433262.9375,2325
2326,193825.75,433262.90625,2326
2327,193825.703125,433262.875,2327
2328,193825.640625,433262.8125,2328
2329,193825.59375,433262.75,2329
2330,193825.546875,433262.65625,2330
2331,193825.5,433262.59375,2331
2332,193825.40625,433262.5625,2332
2333,193825.375,433262.53125,2333
2334,193825.3125,433262.46875,2334
2335,193825.28125,433262.46875,2335
2336,193825.203125,433262.375,2336
2337,193825.171875,433262.3125,2337
2338,193825.125,433262.25,2338
2339,193825.0625,433262.21875,2339
2340,193825.0,433262.1875,2340
2341,193824.921875,433262.09375,2341
2342,193824.890625,433262.09375,2342
2343,193824.8125,433262.03125,2343
2344,193824.78125,433261.96875,2344
2345,193824.71875,433261.9375,2345
2346,193824.671875,433261.90625,2346
2347,193824.609375,433261.8125,2347
2348,193824.53125,433261.78125,2348
2349,193824.5,433261.6875,2349
2350,193824.421875,433261.625,2350
2351,193824.390625,433261.625,2351
2352,193824.34375,433261.53125,2352
2353,193824.28125,433261.5,2353
2354,193824.21875,433261.4375,2354
2355,193824.15625,433261.40625,2355
2356,193824.09375,433261.34375,2356
2357,193824.078125,433261.3125,2357
2358,193823.984375,433261.3125,2358
2359,193823.921875,433261.21875,2359
2360,193823.859375,433261.15625,2360
2361,193823.84375,433261.125,2361
2362,193823.765625,433261.0625,2362
2363,193823.71875,433260.96875,2363
2364,193823.640625,433260.96875,2364
2365,193823.59375,433260.90625,2365
2366,193823.5625,433260.84375,2366
2367,193823.5,433260.8125,2367
2368,193823.4375,433260.6875,2368
2369,193823.375,433260.6875,2369
2370,193823.328125,433260.625,2370
2371,193823.25,433260.5625,2371
2372,193823.21875,433260.5625,2372
2373,193823.140625,433260.5,2373
2374,193823.109375,433260.40625,2374
2375,193823.046875,433260.34375,2375
2376,193822.984375,433260.28125,2376
2377,193822.9375,433260.28125,2377
2378,193822.859375,433260.21875,2378
2379,193822.828125,433260.1875,2379
2380,193822.765625,433260.125,2380
2381,193822.71875,433260.0625,2381
2382,193822.6875,433260.0,2382
2383,193822.609375,433259.96875,2383
2384,193822.546875,433259.9375,2384
2385,193822.5,433259.875,2385
2386,193822.453125,433259.78125,2386
2387,193822.375,433259.78125,2387
2388,193822.328125,433259.6875,2388
2389,193822.28125,433259.65625,2389
2390,193822.21875,433259.625,2390
2391,193822.171875,433259.53125,2391
2392,193822.109375,433259.46875,2392
2393,193822.0625,433259.4375,2393
2394,193821.984375,433259.375,2394
2395,193821.953125,433259.34375,2395
2396,193821.90625,433259.3125,2396
2397,193821.828125,433259.21875,2397
2398,193821.78125,433259.1875,2398
2399,193821.703125,433259.125,2399
2400,193821.65625,433259.09375,2400
2401,193821.625,433259.03125,2401
2402,193821.53125,433258.9375,2402
2403,193821.5,433258.9375,2403
2404,193821.421875,433258.875,2404
2405,193821.375,433258.8125,2405
2406,193821.3125,433258.78125,2406
2407,193821.28125,433258.65625,2407
2408,193821.234375,433258.65625,2408
2409,193821.171875,433258.59375,2409
2410,193821.109375,433258.53125,2410
2411,193821.03125,433258.53125,2411
2412,193820.953125,433258.46875,2412
2413,193820.921875,433258.375,2413
2414,193820.875,433258.34375,2414
2415,193820.8125,433258.28125,2415
2416,193820.765625,433258.25,2416
2417,193820.671875,433258.1875,2417
2418,193820.640625,433258.09375,2418
2419,193820.609375,433258.0625,2419
2420,193820.53125,433258.03125,2420
2421,193820.484375,433257.96875,2421
2422,193820.40625,433257.9375,2422
2423,193820.375,433257.90625,2423
2424,193820.3125,433257.8125,2424
2425,193820.265625,433257.75,2425
2426,193820.21875,433257.6875,2426
2427,193820.140625,433257.625,2427
2428,193820.09375,433257.625,2428
2429,193820.046875,433257.53125,2429
2430,193819.984375,433257.5,2430
2431,193819.90625,433257.4375,2431
2432,193819.859375,433257.375,2432
2433,193819.828125,433257.34375,2433
2434,193819.765625,433257.25,2434
2435,193819.703125,433257.1875,2435
2436,193819.625,433257.1875,2436
2437,193819.578125,433257.125,2437
2438,193819.515625,433257.09375,2438
2439,193819.46875,433257.03125,2439
2440,193819.4375,433256.96875,2440
2441,193819.34375,433256.96875,2441
2442,193819.28125,433256.90625,2442
2443,193819.21875,433256.84375,2443
2444,193819.1875,433256.8125,2444
2445,193819.109375,433256.6875,2445
2446,193819.078125,433256.6875,2446
2447,193819.0,433256.625,2447
2448,193818.96875,433256.5625,2448
2449,193818.921875,433256.5625,2449
2450,193818.84375,433256.5,2450
2451,193818.796875,433256.40625,2451
2452,193818.71875,433256.34375,2452
2453,193818.6875,433256.28125,2453
2454,193818.609375,433256.28125,2454
2455,193818.5625,433256.21875,2455
2456,193818.5,433256.125,2456
2457,193818.453125,433256.125,2457
2458,193818.40625,433256.0625,2458
2459,193818.328125,433256.0,2459
2460,193818.28125,433255.9375,2460
2461,193818.203125,433255.90625,2461
2462,193818.171875,433255.8125,2462
2463,193818.140625,433255.78125,2463
2464,193818.078125,433255.71875,2464
2465,193818.03125,433255.65625,2465
2466,193817.96875,433255.625,2466
2467,193817.921875,433255.53125,2467
2468,193817.828125,433255.5,2468
2469,193817.765625,433255.4375,2469
2470,193817.71875,433255.375,2470
2471,193817.65625,433255.375,2471
2472,193817.625,433255.3125,2472
2473,193817.546875,433255.21875,2473
2474,193817.5,433255.15625,2474
2475,193817.421875,433255.125,2475
2476,193817.375,433255.09375,2476
2477,193817.328125,433255.03125,2477
2478,193817.296875,433254.9375,2478
2479,193817.234375,433254.90625,2479
2480,193817.171875,433254.875,2480
2481,193817.078125,433254.8125,2481
2482,193817.03125,433254.78125,2482
2483,193817.0,433254.65625,2483
2484,193816.921875,433254.625,2484
2485,193816.890625,433254.59375,2485
2486,193816.796875,433254.53125,2486
2487,193816.75,433254.46875,2487
2488,193816.6875,433254.46875,2488
2489,193816.65625,433254.34375,2489
2490,193816.59375,433254.3125,2490
2491,193816.53125,433254.28125,2491
2492,193816.46875,433254.1875,2492
2493,193816.40625,433254.1875,2493
2494,193816.359375,433254.09375,2494
2495,193816.296875,433254.03125,2495
2496,193816.234375,433254.03125,2496
2497,193816.171875,433253.96875,2497
2498,193816.125,433253.90625,2498
2499,193816.078125,433253.875,2499
2500,193816.015625,433253.8125,2500
2501,193815.921875,433253.75,2501
2502,193815.890625,433253.6875,2502
2503,193815.84375,433253.625,2503
2504,193815.78125,433253.53125,2504
2505,193815.71875,433253.5,2505
2506,193815.65625,433253.46875,2506
2507,193815.609375,433253.40625,2507
2508,193815.53125,433253.34375,2508
2509,193815.5,433253.3125,2509
2510,193815.453125,433253.25,2510
2511,193815.390625,433253.1875,2511
2512,193815.34375,433253.125,2512
2513,193815.265625,433253.09375,2513
2514,193815.234375,433253.03125,2514
2515,193815.140625,433252.96875,2515
2516,193815.09375,433252.9375,2516
2517,193815.046875,433252.875,2517
2518,193815.0,433252.8125,2518
2519,193814.921875,433252.78125,2519
2520,193814.859375,433252.6875,2520
2521,193814.828125,433252.625,2521
2522,193814.75,433252.59375,2522
2523,193814.6875,433252.53125,2523
2524,193814.65625,433252.5,2524
2525,193814.59375,433252.40625,2525
2526,193814.546875,433252.34375,2526
2527,193814.46875,433252.3125,2527
2528,193814.40625,433252.28125,2528
2529,193814.359375,433252.21875,2529
2530,193814.296875,433252.21875,2530
2531,193814.25,433252.125,2531
2532,193814.1875,433252.0625,2532
2533,193814.109375,433252.03125,2533
2534,193814.0625,433252.0,2534
2535,193814.015625,433251.9375,2535
2536,193813.953125,433251.875,2536
2537,193813.921875,433251.8125,2537
2538,193813.828125,433251.78125,2538
2539,193813.78125,433251.71875,2539
2540,193813.71875,433251.65625,2540
2541,193813.671875,433251.59375,2541
2542,193813.578125,433251.53125,2542
2543,193813.546875,433251.4375,2543
2544,193813.46875,433251.4375,2544
2545,193813.4375,433251.375,2545
2546,193813.375,433251.3125,2546
2547,193813.3125,433251.3125,2547
2548,193813.265625,433251.21875,2548
2549,193813.203125,433251.15625,2549
2550,193813.15625,433251.125,2550
2551,193813.078125,433251.03125,2551
2552,193813.03125,433251.03125,2552
2553,193812.984375,433250.9375,2553
2554,193812.90625,433250.875,2554
2555,193812.890625,433250.875,2555
2556,193812.796875,433250.8125,2556
2557,193812.75,433250.75,2557
2558,193812.71875,433250.65625,2558
2559,193812.65625,433250.59375,2559
2560,193812.59375,433250.53125,2560
2561,193812.515625,433250.53125,2561
2562,193812.46875,433250.46875,2562
2563,193812.40625,433250.375,2563
2564,193812.34375,433250.34375,2564
2565,193812.265625,433250.3125,2565
2566,193812.25,433250.25,2566
2567,193812.171875,433250.1875,2567
2568,193812.109375,433250.09375,2568
2569,193812.03125,433250.0625,2569
2570,193812.0,433250.03125,2570
2571,193811.921875,433249.96875,2571
2572,193811.875,433249.90625,2572
2573,193811.796875,433249.875,2573
2574,193811.765625,433249.8125,2574
2575,193811.703125,433249.75,2575
2576,193811.65625,433249.6875,2576
2577,193811.609375,433249.625,2577
2578,193811.515625,433249.59375,2578
2579,193811.484375,433249.53125,2579
2580,193811.4375,433249.46875,2580
2581,193811.375,433249.40625,2581
2582,193811.28125,433249.34375,2582
2583,193811.234375,433249.3125,2583
2584,193811.1875,433249.25,2584
2585,193811.125,433249.1875,2585
2586,193811.0625,433249.125,2586
2587,193811.0,433249.125,2587
2588,193810.953125,433249.0625,2588
2589,193810.890625,433248.96875,2589
2590,193810.828125,433248.9375,2590
2591,193810.765625,433248.84375,2591
2592,193810.71875,433248.84375,2592
2593,193810.671875,433248.78125,2593
2594,193810.609375,433248.6875,2594
2595,193810.578125,433248.6875,2595
2596,193810.5,433248.59375,2596
2597,193810.4375,433248.5625,2597
2598,193810.375,433248.5,2598
2599,193810.3125,433248.40625,2599
2600,193810.28125,433248.375,2600
2601,193810.1875,433248.34375,2601
2602,193810.140625,433248.28125,2602
2603,193810.09375,433248.25,2603
2604,193810.03125,433248.1875,2604
2605,193809.96875,433248.125,2605
2606,193809.90625,433248.0625,2606
2607,193809.859375,433248.0,2607
2608,193809.796875,433247.9375,2608
2609,193809.71875,433247.875,2609
2610,193809.6875,433247.875,2610
2611,193809.625,433247.78125,2611
2612,193809.5625,433247.78125,2612
2613,193809.5,433247.71875,2613
2614,193809.453125,433247.65625,2614
2615,193809.390625,433247.59375,2615
2616,193809.328125,433247.53125,2616
2617,193809.265625,433247.4375,2617
2618,193809.203125,433247.4375,2618
2619,193809.15625,433247.375,2619
2620,193809.078125,433247.3125,2620
2621,193809.03125,433247.3125,2621
2622,193808.953125,433247.21875,2622
2623,193808.921875,433247.15625,2623
2624,193808.859375,433247.09375,2624
2625,193808.796875,433247.03125,2625
2626,193808.75,433246.96875,2626
2627,193808.671875,433246.9375,2627
2628,193808.625,433246.875,2628
2629,193808.5625,433246.8125,2629
2630,193808.515625,433246.8125,2630
2631,193808.4375,433246.75,2631
2632,193808.375,433246.625,2632
2633,193808.3125,433246.59375,2633
2634,193808.265625,433246.53125,2634
2635,193808.21875,433246.46875,2635
2636,193808.15625,433246.40625,2636
2637,193808.09375,433246.375,2637
2638,193808.03125,433246.3125,2638
2639,193807.984375,433246.28125,2639
2640,193807.953125,433246.21875,2640
2641,193807.890625,433246.125,2641
2642,193807.84375,433246.09375,2642
2643,193807.765625,433246.03125,2643
2644,193807.703125,433245.96875,2644
2645,193807.640625,433245.96875,2645
2646,193807.578125,433245.875,2646
2647,193807.53125,433245.8125,2647
2648,193807.46875,433245.8125,2648
2649,193807.390625,433245.71875,2649
2650,193807.328125,433245.65625,2650
2651,193807.28125,433245.625,2651
2652,193807.234375,433245.53125,2652
2653,193807.171875,433245.46875,2653
2654,193807.09375,433245.40625,2654
2655,193807.046875,433245.34375,2655
2656,193806.96875,433245.3125,2656
2657,193806.9375,433245.25,2657
2658,193806.859375,433245.1875,2658
2659,193806.8125,433245.125,2659
2660,193806.75,433245.125,2660
2661,193806.6875,433245.0625,2661
2662,193806.625,433244.96875,2662
2663,193806.578125,433244.9375,2663
2664,193806.53125,433244.84375,2664
2665,193806.453125,433244.84375,2665
2666,193806.421875,433244.78125,2666
2667,193806.328125,433244.6875,2667
2668,193806.25,433244.625,2668
2669,193806.203125,433244.59375,2669
2670,193806.15625,433244.5625,2670
2671,193806.09375,433244.5,2671
2672,193806.0625,433244.40625,2672
2673,193805.96875,433244.34375,2673
2674,193805.921875,433244.3125,2674
2675,193805.84375,433244.28125,2675
2676,193805.796875,433244.21875,2676
2677,193805.765625,433244.125,2677
2678,193805.703125,433244.09375,2678
2679,193805.65625,433244.03125,2679
2680,193805.578125,433244.0,2680
2681,193805.53125,433243.9375,2681
2682,193805.453125,433243.875,2682
2683,193805.40625,433243.8125,2683
2684,193805.34375,433243.78125,2684
2685,193805.28125,433243.71875,2685
2686,193805.234375,433243.65625,2686
2687,193805.171875,433243.59375,2687
2688,193805.125,433243.53125,2688
2689,193805.03125,433243.46875,2689
2690,193805.0,433243.4375,2690
2691,193804.9375,433243.375,2691
2692,193804.890625,433243.3125,2692
2693,193804.796875,433243.21875,2693
2694,193804.765625,433243.15625,2694
2695,193804.6875,433243.125,2695
2696,193804.625,433243.09375,2696
2697,193804.59375,433243.03125,2697
2698,193804.5,433242.96875,2698
2699,193804.4375,433242.9375,2699
2700,193804.390625,433242.875,2700
2701,193804.34375,433242.875,2701
2702,193804.28125,433242.8125,2702
2703,193804.21875,433242.75,2703
2704,193804.171875,433242.65625,2704
2705,193804.109375,433242.59375,2705
2706,193804.046875,433242.5625,2706
2707,193804.0,433242.53125,2707
2708,193803.90625,433242.46875,2708
2709,193803.875,433242.375,2709
2710,193803.796875,433242.34375,2710
2711,193803.734375,433242.28125,2711
2712,193803.6875,433242.21875,2712
2713,193803.625,433242.125,2713
2714,193803.578125,433242.09375,2714
2715,193803.484375,433242.03125,2715
2716,193803.453125,433242.0,2716
2717,193803.375,433241.96875,2717
2718,193803.328125,433241.90625,2718
2719,193803.25,433241.8125,2719
2720,193803.21875,433241.78125,2720
2721,193803.125,433241.71875,2721
2722,193803.09375,433241.65625,2722
2723,193803.015625,433241.625,2723
2724,193802.984375,433241.53125,2724
2725,193802.921875,433241.46875,2725
2726,193802.859375,433241.40625,2726
2727,193802.8125,433241.40625,2727
2728,193802.71875,433241.34375,2728
2729,193802.6875,433241.25,2729
2730,193802.609375,433241.1875,2730
2731,193802.578125,433241.125,2731
2732,193802.53125,433241.125,2732
2733,193802.453125,433241.0625,2733
2734,193802.375,433240.96875,2734
2735,193802.328125,433240.90625,2735
2736,193802.28125,433240.84375,2736
2737,193802.203125,433240.78125,2737
2738,193802.15625,433240.78125,2738
2739,193802.09375,433240.6875,2739
2740,193802.03125,433240.625,2740
2741,193801.953125,433240.59375,2741
2742,193801.90625,433240.53125,2742
2743,193801.84375,433240.46875,2743
2744,193801.796875,433240.40625,2744
2745,193801.71875,433240.34375,2745
2746,193801.671875,433240.28125,2746
2747,193801.59375,433240.21875,2747
2748,193801.546875,433240.1875,2748
2749,193801.5,433240.09375,2749
2750,193801.4375,433240.0625,2750
2751,193801.34375,433240.03125,2751
2752,193801.296875,433239.96875,2752
2753,193801.25,433239.90625,2753
2754,193801.1875,433239.875,2754
2755,193801.140625,433239.78125,2755
2756,193801.0625,433239.71875,2756
2757,193801.0,433239.6875,2757
2758,193800.9375,433239.625,2758
2759,193800.890625,433239.53125,2759
2760,193800.8125,433239.5,2760
2761,193800.765625,433239.4375,2761
2762,193800.6875,433239.375,2762
2763,193800.65625,433239.375,2763
2764,193800.59375,433239.3125,2764
2765,193800.53125,433239.21875,2765
2766,193800.46875,433239.15625,2766
2767,193800.390625,433239.09375,2767
2768,193800.359375,433239.03125,2768
2769,193800.296875,433239.03125,2769
2770,193800.234375,433238.9375,2770
2771,193800.203125,433238.875,2771
2772,193800.125,433238.84375,2772
2773,193800.078125,433238.78125,2773
2774,193800.0,433238.6875,2774
2775,193799.921875,433238.65625,2775
2776,193799.875,433238.59375,2776
2777,193799.828125,433238.53125,2777
2778,193799.765625,433238.5,2778
2779,193799.703125,433238.40625,2779
2780,193799.625,433238.34375,2780
2781,193799.578125,433238.3125,2781
2782,193799.515625,433238.25,2782
2783,193799.46875,433238.1875,2783
2784,193799.375,433238.1875,2784
2785,193799.3125,433238.125,2785
2786,193799.265625,433238.0625,2786
2787,193799.21875,433238.03125,2787
2788,193799.171875,433237.96875,2788
2789,193799.078125,433237.90625,2789
2790,193799.015625,433237.875,2790
2791,193798.984375,433237.78125,2791
2792,193798.921875,433237.71875,2792
2793,193798.859375,433237.65625,2793
2794,193798.796875,433237.625,2794
2795,193798.71875,433237.53125,2795
2796,193798.65625,433237.5,2796
2797,193798.59375,433237.46875,2797
2798,193798.546875,433237.375,2798
2799,193798.46875,433237.34375,2799
2800,193798.4375,433237.25,2800
2801,193798.359375,433237.1875,2801
2802,193798.328125,433237.125,2802
2803,193798.234375,433237.125,2803
2804,193798.171875,433237.0625,2804
2805,193798.140625,433236.96875,2805
2806,193798.0625,433236.90625,2806
2807,193798.015625,433236.84375,2807
2808,193797.953125,433236.8125,2808
2809,193797.90625,433236.75,2809
2810,193797.828125,433236.6875,2810
2811,193797.78125,433236.625,2811
2812,193797.71875,433236.59375,2812
2813,193797.65625,433236.53125,2813
2814,193797.578125,433236.46875,2814
2815,193797.53125,433236.375,2815
2816,193797.453125,433236.34375,2816
2817,193797.40625,433236.28125,2817
2818,193797.34375,433236.21875,2818
2819,193797.28125,433236.1875,2819
2820,193797.234375,433236.125,2820
2821,193797.15625,433236.0625,2821
2822,193797.109375,433236.03125,2822
2823,193797.046875,433235.96875,2823
2824,193797.0,433235.90625,2824
2825,193796.9375,433235.875,2825
2826,193796.859375,433235.78125,2826
2827,193796.78125,433235.71875,2827
2828,193796.75,433235.65625,2828
2829,193796.671875,433235.625,2829
2830,193796.625,433235.5,2830
2831,193796.546875,433235.5,2831
2832,193796.5,433235.4375,2832
2833,193796.421875,433235.375,2833
2834,193796.375,433235.34375,2834
2835,193796.28125,433235.3125,2835
2836,193796.265625,433235.21875,2836
2837,193796.203125,433235.15625,2837
2838,193796.125,433235.09375,2838
2839,193796.046875,433235.03125,2839
2840,193796.0,433234.9375,2840
2841,193795.96875,433234.9375,2841
2842,193795.890625,433234.875,2842
2843,193795.84375,433234.8125,2843
2844,193795.765625,433234.75,2844
2845,193795.703125,433234.65625,2845
2846,193795.625,433234.625,2846
2847,193795.59375,433234.59375,2847
2848,193795.53125,433234.53125,2848
2849,193795.484375,433234.46875,2849
2850,193795.4375,433234.375,2850
2851,193795.34375,433234.34375,2851
2852,193795.28125,433234.28125,2852
2853,193795.234375,433234.21875,2853
2854,193795.1875,433234.1875,2854
2855,193795.09375,433234.09375,2855
2856,193795.0625,433234.03125,2856
2857,193794.984375,433234.0,2857
2858,193794.921875,433233.9375,2858
2859,193794.859375,433233.875,2859
2860,193794.796875,433233.8125,2860
2861,193794.734375,433233.75,2861
2862,193794.671875,433233.6875,2862
2863,193794.609375,433233.65625,2863
2864,193794.5625,433233.625,2864
2865,193794.5,433233.53125,2865
2866,193794.4375,433233.46875,2866
2867,193794.359375,433233.375,2867
2868,193794.328125,433233.34375,2868
2869,193794.234375,433233.25,2869
2870,193794.203125,433233.21875,2870
2871,193794.15625,433233.1875,2871
2872,193794.078125,433233.125,2872
2873,193794.015625,433233.0625,2873
2874,193793.9375,433232.96875,2874
2875,193793.890625,433232.96875,2875
2876,193793.828125,433232.90625,2876
2877,193793.78125,433232.84375,2877
2878,193793.703125,433232.78125,2878
2879,193793.65625,433232.6875,2879
2880,193793.578125,433232.65625,2880
2881,193793.515625,433232.625,2881
2882,193793.453125,433232.5625,2882
2883,193793.390625,433232.5,2883
2884,193793.328125,433232.46875,2884
2885,193793.265625,433232.34375,2885
2886,193793.234375,433232.3125,2886
2887,193793.15625,433232.28125,2887
2888,193793.078125,433232.21875,2888
2889,193793.015625,433232.125,2889
2890,193792.953125,433232.09375,2890
2891,193792.90625,433232.0,2891
2892,193792.859375,433231.96875,2892
2893,193792.78125,433231.90625,2893
2894,193792.734375,433231.875,2894
2895,193792.65625,433231.78125,2895
2896,193792.609375,433231.71875,2896
2897,193792.53125,433231.6875,2897
2898,193792.484375,433231.65625,2898
2899,193792.421875,433231.59375,2899
2900,193792.359375,433231.5,2900
2901,193792.296875,433231.4375,2901
2902,193792.25,433231.375,2902
2903,193792.203125,433231.3125,2903
2904,193792.125,433231.3125,2904
2905,193792.078125,433231.1875,2905
2906,193792.0,433231.15625,2906
2907,193791.921875,433231.09375,2907
2908,193791.875,433231.03125,2908
2909,193791.796875,433230.9375,2909
2910,193791.75,433230.875,2910
2911,193791.6875,433230.875,2911
2912,193791.609375,433230.8125,2912
2913,193791.59375,433230.75,2913
2914,193791.5,433230.75,2914
2915,193791.453125,433230.625,2915
2916,193791.390625,433230.5625,2916
2917,193791.3125,433230.53125,2917
2918,193791.25,433230.46875,2918
2919,193791.203125,433230.375,2919
2920,193791.125,433230.3125,2920
2921,193791.09375,433230.28125,2921
2922,193791.015625,433230.1875,2922
2923,193790.953125,433230.125,2923
2924,193790.921875,433230.09375,2924
2925,193790.828125,433230.03125,2925
2926,193790.75,433229.96875,2926
2927,193790.71875,433229.9375,2927
2928,193790.625,433229.875,2928
2929,193790.578125,433229.8125,2929
2930,193790.53125,433229.75,2930
2931,193790.453125,433229.6875,2931
2932,193790.421875,433229.625,2932
2933,193790.3125,433229.625,2933
2934,193790.28125,433229.53125,2934
2935,193790.203125,433229.46875,2935
2936,193790.140625,433229.375,2936
2937,193790.078125,433229.34375,2937
2938,193790.015625,433229.25,2938
2939,193789.953125,433229.21875,2939
2940,193789.90625,433229.15625,2940
2941,193789.828125,433229.125,2941
2942,193789.78125,433229.03125,2942
2943,193789.703125,433228.96875,2943
2944,193789.65625,433228.90625,2944
2945,193789.59375,433228.84375,2945
2946,193789.546875,433228.8125,2946
2947,193789.5,433228.75,2947
2948,193789.421875,433228.6875,2948
2949,193789.375,433228.625,2949
2950,193789.296875,433228.59375,2950
2951,193789.234375,433228.53125,2951
2952,193789.171875,433228.46875,2952
2953,193789.125,433228.34375,2953
2954,193789.046875,433228.34375,2954
2955,193788.984375,433228.28125,2955
2956,193788.90625,433228.21875,2956
2957,193788.859375,433228.125,2957
2958,193788.78125,433228.09375,2958
2959,193788.75,433228.0,2959
2960,193788.65625,433228.0,2960
2961,193788.625,433227.9375,2961
2962,193788.546875,433227.875,2962
2963,193788.46875,433227.8125,2963
2964,193788.421875,433227.78125,2964
2965,193788.359375,433227.71875,2965
2966,193788.28125,433227.65625,2966
2967,193788.25,433227.65625,2967
2968,193788.171875,433227.59375,2968
2969,193788.109375,433227.46875,2969
2970,193788.046875,433227.40625,2970
2971,193788.0,433227.375,2971
2972,193787.921875,433227.3125,2972
2973,193787.875,433227.25,2973
2974,193787.78125,433227.1875,2974
2975,193787.734375,433227.15625,2975
2976,193787.703125,433227.0625,2976
2977,193787.609375,433227.03125,2977
2978,193787.5625,433226.9375,2978
2979,193787.5,433226.875,2979
2980,193787.4375,433226.84375,2980
2981,193787.375,433226.8125,2981
2982,193787.3125,433226.6875,2982
2983,193787.21875,433226.625,2983
2984,193787.1875,433226.59375,2984
2985,193787.125,433226.53125,2985
2986,193787.046875,433226.46875,2986
2987,193786.984375,433226.375,2987
2988,193786.9375,433226.34375,2988
2989,193786.875,433226.3125,2989
2990,193786.828125,433226.25,2990
2991,193786.75,433226.1875,2991
2992,193786.6875,433226.125,2992
2993,193786.625,433226.03125,2993
2994,193786.5625,433226.0,2994
2995,193786.5,433225.96875,2995
2996,193786.4375,433225.90625,2996
2997,193786.359375,433225.8125,2997
2998,193786.3125,433225.78125,2998
2999,193786.28125,433225.6875,2999
3000,193786.1875,433225.625,3000
3001,193786.109375,433225.625,3001
3002,193786.078125,433225.53125,3002
3003,193786.015625,433225.4375,3003
3004,193785.921875,433225.40625,3004
3005,193785.890625,433225.34375,3005
3006,193785.8125,433225.25,3006
3007,193785.765625,433225.25,3007
3008,193785.6875,433225.1875,3008
3009,193785.59375,433225.125,3009
3010,193785.578125,433225.0625,3010
3011,193785.46875,433225.03125,3011
3012,193785.4375,433224.96875,3012
3013,193785.390625,433224.875,3013
3014,193785.3125,433224.84375,3014
3015,193785.25,433224.78125,3015
3016,193785.203125,433224.6875,3016
3017,193785.125,433224.625,3017
3018,193785.046875,433224.59375,3018
3019,193785.0,433224.53125,3019
3020,193784.9375,433224.40625,3020
3021,193784.890625,433224.40625,3021
3022,193784.796875,433224.34375,3022
3023,193784.75,433224.28125,3023
3024,193784.671875,433224.21875,3024
3025,193784.625,433224.125,3025
3026,193784.546875,433224.09375,3026
3027,193784.515625,433224.0,3027
3028,193784.421875,433223.96875,3028
3029,193784.40625,433223.96875,3029
3030,193784.34375,433223.875,3030
3031,193784.28125,433223.875,3031
3032,193784.203125,433223.78125,3032
3033,193784.125,433223.71875,3033
3034,193784.078125,433223.65625,3034
3035,193783.984375,433223.59375,3035
3036,193783.921875,433223.5,3036
3037,193783.890625,433223.4375,3037
3038,193783.796875,433223.375,3038
3039,193783.75,433223.34375,3039
3040,193783.71875,433223.25,3040
3041,193783.625,433223.1875,3041
3042,193783.5625,433223.15625,3042
3043,193783.5,433223.09375,3043
3044,193783.4375,433223.03125,3044
3045,193783.375,433222.9375,3045
3046,193783.328125,433222.9375,3046
3047,193783.265625,433222.84375,3047
3048,193783.1875,433222.8125,3048
3049,193783.125,433222.75,3049
3050,193783.0625,433222.6875,3050
3051,193782.984375,433222.625,3051
3052,193782.9375,433222.59375,3052
3053,193782.859375,433222.53125,3053
3054,193782.828125,433222.46875,3054
3055,193782.75,433222.375,3055
3056,193782.6875,433222.375,3056
3057,193782.625,433222.3125,3057
3058,193782.578125,433222.25,3058
3059,193782.5,433222.1875,3059
3060,193782.453125,433222.09375,3060
3061,193782.359375,433222.03125,3061
3062,193782.3125,433221.96875,3062
3063,193782.234375,433221.9375,3063
3064,193782.1875,433221.90625,3064
3065,193782.140625,433221.8125,3065
3066,193782.0625,433221.75,3066
3067,193781.984375,433221.6875,3067
3068,193781.9375,433221.625,3068
3069,193781.859375,433221.53125,3069
3070,193781.796875,433221.46875,3070
3071,193781.765625,433221.4375,3071
3072,193781.6875,433221.375,3072
3073,193781.625,433221.34375,3073
3074,193781.5625,433221.25,3074
3075,193781.5,433221.1875,3075
3076,193781.4375,433221.125,3076
3077,193781.375,433221.09375,3077
3078,193781.3125,433221.03125,3078
3079,193781.25,433220.9375,3079
3080,193781.171875,433220.875,3080
3081,193781.125,433220.84375,3081
3082,193781.0625,433220.78125,3082
3083,193781.015625,433220.6875,3083
3084,193780.921875,433220.65625,3084
3085,193780.875,433220.625,3085
3086,193780.796875,433220.5625,3086
3087,193780.75,433220.46875,3087
3088,193780.6875,433220.40625,3088
3089,193780.609375,433220.34375,3089
3090,193780.53125,433220.28125,3090
3091,193780.46875,433220.28125,3091
3092,193780.421875,433220.21875,3092
3093,193780.375,433220.125,3093
3094,193780.3125,433220.0625,3094
3095,193780.234375,433220.0,3095
3096,193780.171875,433219.9375,3096
3097,193780.125,433219.875,3097
3098,193780.046875,433219.8125,3098
3099,193779.984375,433219.75,3099
3100,193779.90625,433219.71875,3100
3101,193779.859375,433219.65625,3101
3102,193779.78125,433219.59375,3102
3103,193779.703125,433219.5,3103
3104,193779.65625,433219.4375,3104
3105,193779.59375,433219.375,3105
3106,193779.53125,433219.3125,3106
3107,193779.484375,433219.25,3107
3108,193779.40625,433219.1875,3108
3109,193779.34375,433219.15625,3109
3110,193779.28125,433219.09375,3110
3111,193779.21875,433219.03125,3111
3112,193779.140625,433218.9375,3112
3113,193779.078125,433218.875,3113
3114,193779.046875,433218.84375,3114
3115,193778.96875,433218.8125,3115
3116,193778.875,433218.75,3116
3117,193778.828125,433218.65625,3117
3118,193778.796875,433218.59375,3118
3119,193778.71875,433218.53125,3119
3120,193778.671875,433218.46875,3120
3121,193778.578125,433218.375,3121
3122,193778.53125,433218.34375,3122
3123,193778.46875,433218.25,3123
3124,193778.40625,433218.25,3124
3125,193778.34375,433218.1875,3125
3126,193778.28125,433218.09375,3126
3127,193778.203125,433218.03125,3127
3128,193778.15625,433217.96875,3128
3129,193778.09375,433217.96875,3129
3130,193778.03125,433217.90625,3130
3131,193777.953125,433217.8125,3131
3132,193777.90625,433217.75,3132
3133,193777.828125,433217.6875,3133
3134,193777.765625,433217.625,3134
3135,193777.703125,433217.59375,3135
3136,193777.640625,433217.46875,3136
3137,193777.578125,433217.4375,3137
3138,193777.515625,433217.375,3138
3139,193777.4375,433217.34375,3139
3140,193777.390625,433217.25,3140
3141,193777.3125,433217.1875,3141
3142,193777.25,433217.125,3142
3143,193777.203125,433217.125,3143
3144,193777.125,433217.0625,3144
3145,193777.0625,433216.96875,3145
3146,193777.0,433216.90625,3146
3147,193776.9375,433216.875,3147
3148,193776.890625,433216.8125,3148
3149,193776.796875,433216.78125,3149
3150,193776.75,433216.6875,3150
3151,193776.671875,433216.625,3151
3152,193776.625,433216.5625,3152
3153,193776.5625,433216.5,3153
3154,193776.5,433216.40625,3154
3155,193776.421875,433216.34375,3155
3156,193776.375,433216.28125,3156
3157,193776.265625,433216.25,3157
3158,193776.234375,433216.21875,3158
3159,193776.171875,433216.125,3159
3160,193776.09375,433216.0625,3160
3161,193776.03125,433216.0,3161
3162,193775.96875,433215.9375,3162
3163,193775.90625,433215.875,3163
3164,193775.84375,433215.78125,3164
3165,193775.78125,433215.75,3165
3166,193775.71875,433215.71875,3166
3167,193775.640625,433215.65625,3167
3168,193775.609375,433215.59375,3168
3169,193775.5625,433215.5,3169
3170,193775.46875,433215.4375,3170
3171,193775.4375,433215.375,3171
3172,193775.328125,433215.3125,3172
3173,193775.28125,433215.21875,3173
3174,193775.21875,433215.1875,3174
3175,193775.171875,433215.125,3175
3176,193775.09375,433215.09375,3176
3177,193775.046875,433215.03125,3177
3178,193774.984375,433214.9375,3178
3179,193774.921875,433214.875,3179
3180,193774.828125,433214.8125,3180
3181,193774.765625,433214.75,3181
3182,193774.703125,433214.6875,3182
3183,193774.671875,433214.625,3183
3184,193774.5625,433214.59375,3184
3185,193774.53125,433214.53125,3185
3186,193774.453125,433214.46875,3186
3187,193774.375,433214.375,3187
3188,193774.328125,433214.3125,3188
3189,193774.25,433214.28125,3189
3190,193774.171875,433214.21875,3190
3191,193774.140625,433214.1875,3191
3192,193774.078125,433214.09375,3192
3193,193774.015625,433214.03125,3193
3194,193773.953125,433214.0,3194
3195,193773.890625,433213.96875,3195
3196,193773.796875,433213.90625,3196
3197,193773.75,433213.8125,3197
3198,193773.6875,433213.75,3198
3199,193773.625,433213.6875,3199
3200,193773.546875,433213.625,3200
3201,193773.453125,433213.53125,3201
3202,193773.421875,433213.46875,3202
3203,193773.34375,433213.4375,3203
3204,193773.296875,433213.375,3204
3205,193773.234375,433213.3125,3205
3206,193773.140625,433213.25,3206
3207,193773.109375,433213.1875,3207
3208,193773.03125,433213.125,3208
3209,193772.984375,433213.0625,3209
3210,193772.90625,433212.96875,3210
3211,193772.828125,433212.9375,3211
3212,193772.75,433212.875,3212
3213,193772.71875,433212.8125,3213
3214,193772.640625,433212.78125,3214
3215,193772.609375,433212.6875,3215
3216,193772.515625,433212.625,3216
3217,193772.46875,433212.5625,3217
3218,193772.40625,433212.5,3218
3219,193772.34375,433212.40625,3219
3220,193772.265625,433212.34375,3220
3221,193772.203125,433212.28125,3221
3222,193772.140625,433212.25,3222
3223,193772.078125,433212.21875,3223
3224,193772.015625,433212.125,3224
3225,193771.953125,433212.0625,3225
3226,193771.890625,433212.0,3226
3227,193771.828125,433211.9375,3227
3228,193771.765625,433211.875,3228
3229,193771.703125,433211.78125,3229
3230,193771.625,433211.78125,3230
3231,193771.5625,433211.71875,3231
3232,193771.515625,433211.65625,3232
3233,193771.4375,433211.59375,3233
3234,193771.359375,433211.59375,3234
3235,193771.3125,433211.46875,3235
3236,193771.21875,433211.4375,3236
3237,193771.1875,433211.375,3237
3238,193771.109375,433211.3125,3238
3239,193771.046875,433211.21875,3239
3240,193770.984375,433211.15625,3240
3241,193770.921875,433211.09375,3241
3242,193770.84375,433211.0625,3242
3243,193770.765625,433210.96875,3243
3244,193770.703125,433210.90625,3244
3245,193770.65625,433210.875,3245
3246,193770.578125,433210.8125,3246
3247,193770.53125,433210.75,3247
3248,193770.4375,433210.65625,3248
3249,193770.40625,433210.59375,3249
3250,193770.328125,433210.5625,3250
3251,193770.25,433210.46875,3251
3252,193770.203125,433210.40625,3252
3253,193770.140625,433210.34375,3253
3254,193770.078125,433210.3125,3254
3255,193770.015625,433210.25,3255
3256,193769.921875,433210.1875,3256
3257,193769.859375,433210.09375,3257
3258,193769.8125,433210.03125,3258
3259,193769.75,433209.96875,3259
3260,193769.671875,433209.90625,3260
3261,193769.59375,433209.90625,3261
3262,193769.5625,433209.8125,3262
3263,193769.5,433209.75,3263
3264,193769.421875,433209.6875,3264
3265,193769.375,433209.625,3265
3266,193769.296875,433209.53125,3266
3267,193769.25,433209.46875,3267
3268,193769.1875,433209.40625,3268
3269,193769.109375,433209.34375,3269
3270,193769.03125,433209.3125,3270
3271,193768.984375,433209.25,3271
3272,193768.90625,433209.1875,3272
3273,193768.828125,433209.125,3273
3274,193768.75,433209.0625,3274
3275,193768.71875,433208.96875,3275
3276,193768.640625,433208.9375,3276
3277,193768.5625,433208.875,3277
3278,193768.515625,433208.8125,3278
3279,193768.46875,433208.78125,3279
3280,193768.390625,433208.6875,3280
3281,193768.3125,433208.625,3281
3282,193768.265625,433208.5625,3282
3283,193768.171875,433208.5,3283
3284,193768.125,433208.40625,3284
3285,193768.03125,433208.34375,3285
3286,193768.0,433208.28125,3286
3287,193767.921875,433208.25,3287
3288,193767.859375,433208.21875,3288
3289,193767.796875,433208.125,3289
3290,193767.734375,433208.0625,3290
3291,193767.6875,433208.0,3291
3292,193767.59375,433207.9375,3292
3293,193767.53125,433207.875,3293
3294,193767.484375,433207.78125,3294
3295,193767.390625,433207.75,3295
3296,193767.359375,433207.71875,3296
3297,193767.28125,433207.625,3297
3298,193767.203125,433207.59375,3298
3299,193767.140625,433207.5,3299
3300,193767.078125,433207.4375,3300
3301,193767.0,433207.375,3301
3302,193766.953125,433207.3125,3302
3303,193766.875,433207.21875,3303
3304,193766.828125,433207.15625,3304
3305,193766.734375,433207.125,3305
3306,193766.703125,433207.0625,3306
3307,193766.625,433207.03125,3307
3308,193766.5625,433206.9375,3308
3309,193766.484375,433206.875,3309
3310,193766.453125,433206.8125,3310
3311,193766.375,433206.75,3311
3312,193766.3125,433206.6875,3312
3313,193766.25,433206.59375,3313
3314,193766.15625,433206.59375,3314
3315,193766.140625,433206.53125,3315
3316,193766.046875,433206.46875,3316
3317,193765.96875,433206.34375,3317
3318,193765.921875,433206.3125,3318
3319,193765.84375,433206.25,3319
3320,193765.78125,433206.1875,3320
3321,193765.703125,433206.09375,3321
3322,193765.65625,433206.03125,3322
3323,193765.578125,433206.0,3323
3324,193765.53125,433205.96875,3324
3325,193765.4375,433205.90625,3325
3326,193765.375,433205.8125,3326
3327,193765.3125,433205.75,3327
3328,193765.28125,433205.75,3328
3329,193765.1875,433205.65625,3329
3330,193765.125,433205.625,3330
3331,193765.046875,433205.5,3331
3332,193765.0,433205.46875,3332
3333,193764.921875,433205.40625,3333
3334,193764.875,433205.34375,3334
3335,193764.796875,433205.25,3335
3336,193764.734375,433205.1875,3336
3337,193764.671875,433205.125,3337
3338,193764.59375,433205.0625,3338
3339,193764.546875,433204.96875,3339
3340,193764.484375,433204.90625,3340
3341,193764.40625,433204.84375,3341
3342,193764.359375,433204.8125,3342
3343,193764.25,433204.75,3343
3344,193764.234375,433204.6875,3344
3345,193764.140625,433204.625,3345
3346,193764.046875,433204.5625,3346
3347,193764.0,433204.5,3347
3348,193763.953125,433204.40625,3348
3349,193763.875,433204.34375,3349
3350,193763.828125,433204.28125,3350
3351,193763.75,433204.25,3351
3352,193763.6875,433204.1875,3352
3353,193763.609375,433204.125,3353
3354,193763.5625,433204.03125,3354
3355,193763.484375,433204.0,3355
3356,193763.453125,433203.9375,3356
3357,193763.359375,433203.875,3357
3358,193763.28125,433203.78125,3358
3359,193763.234375,433203.71875,3359
3360,193763.171875,433203.6875,3360
3361,193763.078125,433203.625,3361
3362,193763.046875,433203.59375,3362
3363,193762.953125,433203.46875,3363
3364,193762.890625,433203.4375,3364
3365,193762.859375,433203.375,3365
3366,193762.765625,433203.3125,3366
3367,193762.6875,433203.21875,3367
3368,193762.65625,433203.15625,3368
3369,193762.5625,433203.125,3369
3370,193762.5,433203.03125,3370
3371,193762.4375,433202.96875,3371
3372,193762.359375,433202.90625,3372
3373,193762.296875,433202.875,3373
3374,193762.234375,433202.8125,3374
3375,193762.171875,433202.75,3375
3376,193762.109375,433202.65625,3376
3377,193762.0625,433202.59375,3377
3378,193761.953125,433202.5625,3378
3379,193761.921875,433202.46875,3379
3380,193761.859375,433202.375,3380
3381,193761.78125,433202.34375,3381
3382,193761.703125,433202.3125,3382
3383,193761.640625,433202.21875,3383
3384,193761.59375,433202.1875,3384
3385,193761.515625,433202.09375,3385
3386,193761.4375,433202.03125,3386
3387,193761.375,433201.96875,3387
3388,193761.3125,433201.90625,3388
3389,193761.25,433201.8125,3389
3390,193761.1875,433201.75,3390
3391,193761.125,433201.6875,3391
3392,193761.0625,433201.625,3392
3393,193761.0,433201.53125,3393
3394,193760.921875,433201.5,3394
3395,193760.859375,433201.4375,3395
3396,193760.765625,433201.34375,3396
3397,193760.734375,433201.3125,3397
3398,193760.65625,433201.25,3398
3399,193760.5625,433201.1875,3399
3400,193760.53125,433201.125,3400
3401,193760.46875,433201.0625,3401
3402,193760.375,433200.96875,3402
3403,193760.3125,433200.9375,3403
3404,193760.234375,433200.84375,3404
3405,193760.203125,433200.8125,3405
3406,193760.125,433200.75,3406
3407,193760.078125,433200.6875,3407
3408,193760.015625,433200.625,3408
3409,193759.953125,433200.5625,3409
3410,193759.875,433200.5,3410
3411,193759.796875,433200.40625,3411
3412,193759.734375,433200.34375,3412
3413,193759.6875,433200.28125,3413
3414,193759.609375,433200.25,3414
3415,193759.53125,433200.1875,3415
3416,193759.453125,433200.125,3416
3417,193759.390625,433200.03125,3417
3418,193759.34375,433200.0,3418
3419,193759.25,433199.9375,3419
3420,193759.203125,433199.875,3420
3421,193759.140625,433199.78125,3421
3422,193759.078125,433199.71875,3422
3423,193758.984375,433199.71875,3423
3424,193758.9375,433199.625,3424
3425,193758.875,433199.59375,3425
3426,193758.796875,433199.53125,3426
3427,193758.734375,433199.4375,3427
3428,193758.6875,433199.375,3428
3429,193758.59375,433199.3125,3429
3430,193758.546875,433199.3125,3430
3431,193758.46875,433199.21875,3431
3432,193758.40625,433199.15625,3432
3433,193758.328125,433199.09375,3433
3434,193758.25,433199.03125,3434
3435,193758.203125,433198.9375,3435
3436,193758.140625,433198.875,3436
3437,193758.0625,433198.84375,3437
3438,193758.015625,433198.75,3438
3439,193757.9375,433198.65625,3439
3440,193757.859375,433198.59375,3440
3441,193757.796875,433198.53125,3441
3442,193757.765625,433198.46875,3442
3443,193757.671875,433198.40625,3443
3444,193757.59375,433198.34375,3444
3445,193757.546875,433198.28125,3445
3446,193757.46875,433198.21875,3446
3447,193757.40625,433198.1875,3447
3448,193757.34375,433198.09375,3448
3449,193757.28125,433198.03125,3449
3450,193757.234375,433197.96875,3450
3451,193757.140625,433197.90625,3451
3452,193757.078125,433197.875,3452
3453,193757.015625,433197.8125,3453
3454,193756.953125,433197.71875,3454
3455,193756.875,433197.65625,3455
3456,193756.8125,433197.625,3456
3457,193756.75,433197.53125,3457
3458,193756.65625,433197.46875,3458
3459,193756.609375,433197.40625,3459
3460,193756.53125,433197.34375,3460
3461,193756.484375,433197.25,3461
3462,193756.40625,433197.1875,3462
3463,193756.359375,433197.125,3463
3464,193756.28125,433197.0625,3464
3465,193756.203125,433197.0625,3465
3466,193756.140625,433196.96875,3466
3467,193756.078125,433196.90625,3467
3468,193756.0,433196.84375,3468
3469,193755.921875,433196.78125,3469
3470,193755.875,433196.6875,3470
3471,193755.828125,433196.625,3471
3472,193755.75,433196.5625,3472
3473,193755.6875,433196.5,3473
3474,193755.609375,433196.40625,3474
3475,193755.515625,433196.34375,3475
3476,193755.46875,433196.28125,3476
3477,193755.390625,433196.25,3477
3478,193755.328125,433196.1875,3478
3479,193755.265625,433196.125,3479
3480,193755.21875,433196.03125,3480
3481,193755.140625,433196.0,3481
3482,193755.078125,433195.9375,3482
3483,193754.984375,433195.875,3483
3484,193754.9375,433195.78125,3484
3485,193754.84375,433195.71875,3485
3486,193754.8125,433195.6875,3486
3487,193754.734375,433195.625,3487
3488,193754.6875,433195.53125,3488
3489,193754.609375,433195.46875,3489
3490,193754.546875,433195.375,3490
3491,193754.484375,433195.375,3491
3492,193754.421875,433195.3125,3492
3493,193754.34375,433195.21875,3493
3494,193754.296875,433195.15625,3494
3495,193754.203125,433195.09375,3495
3496,193754.15625,433195.03125,3496
3497,193754.0625,433194.96875,3497
3498,193754.03125,433194.875,3498
3499,193753.921875,433194.84375,3499
3500,193753.84375,433194.8125,3500
3501,193753.796875,433194.6875,3501
3502,193753.75,433194.625,3502
3503,193753.671875,433194.59375,3503
3504,193753.59375,433194.53125,3504
3505,193753.53125,433194.46875,3505
3506,193753.46875,433194.375,3506
3507,193753.40625,433194.3125,3507
3508,193753.328125,433194.3125,3508
3509,193753.265625,433194.25,3509
3510,193753.1875,433194.1875,3510
3511,193753.140625,433194.0625,3511
3512,193753.046875,433194.03125,3512
3513,193753.0,433193.96875,3513
3514,193752.921875,433193.90625,3514
3515,193752.859375,433193.8125,3515
3516,193752.78125,433193.75,3516
3517,193752.734375,433193.71875,3517
3518,193752.640625,433193.65625,3518
3519,193752.609375,433193.59375,3519
3520,193752.515625,433193.53125,3520
3521,193752.4375,433193.46875,3521
3522,193752.390625,433193.40625,3522
3523,193752.3125,433193.34375,3523
3524,193752.234375,433193.25,3524
3525,193752.171875,433193.1875,3525
3526,193752.125,433193.125,3526
3527,193752.046875,433193.0625,3527
3528,193751.984375,433192.96875,3528
3529,193751.921875,433192.9375,3529
3530,193751.859375,433192.875,3530
3531,193751.796875,433192.8125,3531
3532,193751.71875,433192.75,3532
3533,193751.65625,433192.65625,3533
3534,193751.578125,433192.625,3534
3535,193751.53125,433192.5625,3535
3536,193751.453125,433192.5,3536
3537,193751.375,433192.375,3537
3538,193751.3125,433192.34375,3538
3539,193751.234375,433192.28125,3539
3540,193751.1875,433192.21875,3540
3541,193751.125,433192.125,3541
3542,193751.046875,433192.09375,3542
3543,193750.984375,433192.0,3543
3544,193750.921875,433191.96875,3544
3545,193750.859375,433191.90625,3545
3546,193750.765625,433191.8125,3546
3547,193750.71875,433191.78125,3547
3548,193750.65625,433191.71875,3548
3549,193750.578125,433191.65625,3549
3550,193750.484375,433191.59375,3550
3551,193750.4375,433191.5,3551
3552,193750.34375,433191.4375,3552
3553,193750.296875,433191.375,3553
3554,193750.234375,433191.3125,3554
3555,193750.15625,433191.21875,3555
3556,193750.09375,433191.15625,3556
3557,193750.046875,433191.09375,3557
3558,193749.96875,433191.03125,3558
3559,193749.890625,433190.9375,3559
3560,193749.828125,433190.875,3560
3561,193749.75,433190.875,3561
3562,193749.6875,433190.8125,3562
3563,193749.625,433190.75,3563
3564,193749.5625,433190.65625,3564
3565,193749.46875,433190.59375,3565
3566,193749.421875,433190.53125,3566
3567,193749.34375,433190.46875,3567
3568,193749.28125,433190.375,3568
3569,193749.203125,433190.3125,3569
3570,193749.140625,433190.25,3570
3571,193749.078125,433190.1875,3571
3572,193749.015625,433190.09375,3572
3573,193748.9375,433190.03125,3573
3574,193748.890625,433189.96875,3574
3575,193748.796875,433189.9375,3575
3576,193748.75,433189.875,3576
3577,193748.671875,433189.78125,3577
3578,193748.609375,433189.71875,3578
3579,193748.546875,433189.65625,3579
3580,193748.46875,433189.625,3580
3581,193748.390625,433189.53125,3581
3582,193748.3125,433189.46875,3582
3583,193748.28125,433189.40625,3583
3584,193748.21875,433189.34375,3584
3585,193748.140625,433189.25,3585
3586,193748.046875,433189.1875,3586
3587,193748.0,433189.125,3587
3588,193747.953125,433189.0625,3588
3589,193747.859375,433189.03125,3589
3590,193747.796875,433188.90625,3590
3591,193747.71875,433188.84375,3591
3592,193747.65625,433188.78125,3592
3593,193747.59375,433188.75,3593
3594,193747.53125,433188.6875,3594
3595,193747.46875,433188.625,3595
3596,193747.375,433188.5625,3596
3597,193747.328125,433188.5,3597
3598,193747.265625,433188.40625,3598
3599,193747.171875,433188.34375,3599
3600,193747.125,433188.28125,3600
3601,193747.0625,433188.21875,3601
3602,193746.984375,433188.1875,3602
3603,193746.921875,433188.125,3603
3604,193746.84375,433188.0625,3604
3605,193746.765625,433188.0,3605
3606,193746.703125,433187.96875,3606
3607,193746.65625,433187.90625,3607
3608,193746.5625,433187.8125,3608
3609,193746.484375,433187.75,3609
3610,193746.421875,433187.6875,3610
3611,193746.375,433187.625,3611
3612,193746.296875,433187.59375,3612
3613,193746.21875,433187.46875,3613
3614,193746.15625,433187.375,3614
3615,193746.109375,433187.3125,3615
3616,193746.015625,433187.25,3616
3617,193745.953125,433187.21875,3617
3618,193745.890625,433187.15625,3618
3619,193745.8125,433187.09375,3619
3620,193745.765625,433187.03125,3620
3621,193745.671875,433186.9375,3621
3622,193745.59375,433186.875,3622
3623,193745.546875,433186.8125,3623
3624,193745.46875,433186.78125,3624
3625,193745.421875,433186.75,3625
3626,193745.375,433186.65625,3626
3627,193745.28125,433186.59375,3627
3628,193745.203125,433186.53125,3628
3629,193745.15625,433186.40625,3629
3630,193745.078125,433186.3125,3630
3631,193745.03125,433186.28125,3631
3632,193744.921875,433186.21875,3632
3633,193744.875,433186.125,3633
3634,193744.796875,433186.0625,3634
3635,193744.75,433186.03125,3635
3636,193744.671875,433185.96875,3636
3637,193744.59375,433185.90625,3637
3638,193744.53125,433185.8125,3638
3639,193744.4375,433185.75,3639
3640,193744.40625,433185.71875,3640
3641,193744.3125,433185.65625,3641
3642,193744.265625,433185.59375,3642
3643,193744.203125,433185.5,3643
3644,193744.125,433185.46875,3644
3645,193744.046875,433185.40625,3645
3646,193743.96875,433185.25,3646
3647,193743.921875,433185.1875,3647
3648,193743.859375,433185.125,3648
3649,193743.78125,433185.0625,3649
3650,193743.734375,433185.03125,3650
3651,193743.640625,433184.96875,3651
3652,193743.5625,433184.90625,3652
3653,193743.5,433184.84375,3653
3654,193743.4375,433184.78125,3654
3655,193743.375,433184.6875,3655
3656,193743.28125,433184.625,3656
3657,193743.234375,433184.5625,3657
3658,193743.171875,433184.53125,3658
3659,193743.09375,433184.46875,3659
3660,193743.015625,433184.34375,3660
3661,193742.953125,433184.28125,3661
3662,193742.875,433184.21875,3662
3663,193742.8125,433184.125,3663
3664,193742.734375,433184.0625,3664
3665,193742.6875,433184.03125,3665
3666,193742.609375,433183.96875,3666
3667,193742.546875,433183.90625,3667
3668,193742.46875,433183.8125,3668
3669,193742.421875,433183.78125,3669
3670,193742.34375,433183.71875,3670
3671,193742.25,433183.65625,3671
3672,193742.203125,433183.59375,3672
3673,193742.109375,433183.5,3673
3674,193742.046875,433183.46875,3674
3675,193741.96875,433183.375,3675
3676,193741.9375,433183.3125,3676
3677,193741.84375,433183.21875,3677
3678,193741.796875,433183.15625,3678
3679,193741.71875,433183.09375,3679
3680,193741.65625,433183.03125,3680
3681,193741.578125,433182.9375,3681
3682,193741.515625,433182.875,3682
3683,193741.453125,433182.84375,3683
3684,193741.390625,433182.8125,3684
3685,193741.328125,433182.75,3685
3686,193741.25,433182.65625,3686
3687,193741.1875,433182.59375,3687
3688,193741.125,433182.53125,3688
3689,193741.046875,433182.46875,3689
3690,193741.0,433182.375,3690
3691,193740.90625,433182.28125,3691
3692,193740.828125,433182.25,3692
3693,193740.765625,433182.1875,3693
3694,193740.6875,433182.09375,3694
3695,193740.625,433182.03125,3695
3696,193740.546875,433181.96875,3696
3697,193740.484375,433181.90625,3697
3698,193740.421875,433181.875,3698
3699,193740.34375,433181.78125,3699
3700,193740.296875,433181.71875,3700
3701,193740.21875,433181.65625,3701
3702,193740.140625,433181.625,3702
3703,193740.046875,433181.53125,3703
3704,193740.0,433181.46875,3704
3705,193739.921875,433181.375,3705
3706,193739.875,433181.34375,3706
3707,193739.78125,433181.25,3707
3708,193739.71875,433181.1875,3708
3709,193739.640625,433181.125,3709
3710,193739.59375,433181.0625,3710
3711,193739.515625,433180.96875,3711
3712,193739.4375,433180.90625,3712
3713,193739.359375,433180.90625,3713
3714,193739.28125,433180.84375,3714
3715,193739.21875,433180.78125,3715
3716,193739.1875,433180.65625,3716
3717,193739.078125,433180.625,3717
3718,193739.015625,433180.5625,3718
3719,193738.96875,433180.5,3719
3720,193738.875,433180.34375,3720
3721,193738.828125,433180.3125,3721
3722,193738.734375,433180.28125,3722
3723,193738.6875,433180.21875,3723
3724,193738.609375,433180.125,3724
3725,193738.546875,433180.0625,3725
3726,193738.46875,433180.0,3726
3727,193738.40625,433179.9375,3727
3728,193738.328125,433179.90625,3728
3729,193738.296875,433179.8125,3729
3730,193738.21875,433179.75,3730
3731,193738.15625,433179.65625,3731
3732,193738.0625,433179.59375,3732
3733,193738.03125,433179.5,3733
3734,193737.9375,433179.4375,3734
3735,193737.859375,433179.40625,3735
3736,193737.796875,433179.3125,3736
3737,193737.71875,433179.25,3737
3738,193737.671875,433179.1875,3738
3739,193737.578125,433179.15625,3739
3740,193737.53125,433179.0625,3740
3741,193737.453125,433179.03125,3741
3742,193737.390625,433178.9375,3742
3743,193737.296875,433178.875,3743
3744,193737.234375,433178.8125,3744
3745,193737.171875,433178.75,3745
3746,193737.109375,433178.625,3746
3747,193737.015625,433178.59375,3747
3748,193736.953125,433178.53125,3748
3749,193736.890625,433178.46875,3749
3750,193736.828125,433178.375,3750
3751,193736.75,433178.3125,3751
3752,193736.6875,433178.25,3752
3753,193736.609375,433178.1875,3753
3754,193736.53125,433178.125,3754
3755,193736.484375,433178.0625,3755
3756,193736.421875,433178.0,3756
3757,193736.359375,433177.9375,3757
3758,193736.28125,433177.90625,3758
3759,193736.234375,433177.8125,3759
3760,193736.125,433177.71875,3760
3761,193736.046875,433177.625,3761
3762,193736.0,433177.59375,3762
3763,193735.921875,433177.53125,3763
3764,193735.84375,433177.46875,3764
3765,193735.78125,433177.40625,3765
3766,193735.734375,433177.34375,3766
3767,193735.65625,433177.25,3767
3768,193735.59375,433177.1875,3768
3769,193735.515625,433177.125,3769
3770,193735.46875,433177.0625,3770
3771,193735.390625,433176.96875,3771
3772,193735.3125,433176.90625,3772
3773,193735.234375,433176.90625,3773
3774,193735.1875,433176.8125,3774
3775,193735.125,433176.6875,3775
3776,193735.046875,433176.625,3776
3777,193734.96875,433176.59375,3777
3778,193734.921875,433176.5625,3778
3779,193734.84375,433176.46875,3779
3780,193734.796875,433176.34375,3780
3781,193734.71875,433176.3125,3781
3782,193734.65625,433176.28125,3782
3783,193734.578125,433176.21875,3783
3784,193734.5,433176.125,3784
3785,193734.4375,433176.0625,3785
3786,193734.359375,433176.0,3786
3787,193734.3125,433175.90625,3787
3788,193734.234375,433175.875,3788
3789,193734.171875,433175.78125,3789
3790,193734.09375,433175.71875,3790
3791,193734.03125,433175.65625,3791
3792,193733.953125,433175.59375,3792
3793,193733.890625,433175.5,3793
3794,193733.8125,433175.4375,3794
3795,193733.765625,433175.40625,3795
3796,193733.6875,433175.3125,3796
3797,193733.625,433175.25,3797
3798,193733.546875,433175.1875,3798
3799,193733.46875,433175.09375,3799
3800,193733.421875,433175.03125,3800
3801,193733.328125,433174.9375,3801
3802,193733.28125,433174.875,3802
3803,193733.203125,433174.8125,3803
3804,193733.140625,433174.75,3804
3805,193733.046875,433174.75,3805
3806,193733.0,433174.625,3806
3807,193732.921875,433174.59375,3807
3808,193732.828125,433174.5625,3808
3809,193732.78125,433174.5,3809
3810,193732.734375,433174.375,3810
3811,193732.640625,433174.3125,3811
3812,193732.5625,433174.25,3812
3813,193732.515625,433174.1875,3813
3814,193732.421875,433174.125,3814
3815,193732.375,433174.03125,3815
3816,193732.296875,433174.0,3816
3817,193732.25,433173.90625,3817
3818,193732.171875,433173.875,3818
3819,193732.09375,433173.78125,3819
3820,193732.015625,433173.75,3820
3821,193731.96875,433173.6875,3821
3822,193731.890625,433173.625,3822
3823,193731.796875,433173.53125,3823
3824,193731.75,433173.46875,3824
3825,193731.6875,433173.375,3825
3826,193731.609375,433173.34375,3826
3827,193731.53125,433173.21875,3827
3828,193731.484375,433173.1875,3828
3829,193731.390625,433173.09375,3829
3830,193731.359375,433173.0625,3830
3831,193731.25,433172.96875,3831
3832,193731.203125,433172.90625,3832
3833,193731.125,433172.84375,3833
3834,193731.078125,433172.78125,3834
3835,193730.984375,433172.6875,3835
3836,193730.921875,433172.625,3836
3837,193730.859375,433172.5625,3837
3838,193730.765625,433172.5,3838
3839,193730.71875,433172.40625,3839
3840,193730.625,433172.34375,3840
3841,193730.59375,433172.28125,3841
3842,193730.5,433172.21875,3842
3843,193730.4375,433172.1875,3843
3844,193730.375,433172.0625,3844
3845,193730.3125,433172.03125,3845
3846,193730.234375,433171.96875,3846
3847,193730.1875,433171.875,3847
3848,193730.109375,433171.8125,3848
3849,193730.0625,433171.71875,3849
3850,193729.96875,433171.65625,3850
3851,193729.90625,433171.65625,3851
3852,193729.84375,433171.59375,3852
3853,193729.765625,433171.5,3853
3854,193729.6875,433171.4375,3854
3855,193729.640625,433171.375,3855
3856,193729.5625,433171.3125,3856
3857,193729.5,433171.21875,3857
3858,193729.40625,433171.15625,3858
3859,193729.34375,433171.0625,3859
3860,193729.28125,433171.03125,3860
3861,193729.203125,433170.9375,3861
3862,193729.140625,433170.875,3862
3863,193729.0625,433170.8125,3863
3864,193729.015625,433170.75,3864
3865,193728.9375,433170.65625,3865
3866,193728.875,433170.59375,3866
3867,193728.78125,433170.59375,3867
3868,193728.75,433170.5,3868
3869,193728.65625,433170.46875,3869
3870,193728.609375,433170.34375,3870
3871,193728.546875,433170.28125,3871
3872,193728.46875,433170.1875,3872
3873,193728.40625,433170.125,3873
3874,193728.34375,433170.03125,3874
3875,193728.265625,433170.0,3875
3876,193728.203125,433169.96875,3876
3877,193728.125,433169.90625,3877
3878,193728.046875,433169.8125,3878
3879,193727.984375,433169.75,3879
3880,193727.90625,433169.6875,3880
3881,193727.859375,433169.625,3881
3882,193727.796875,433169.59375,3882
3883,193727.71875,433169.46875,3883
3884,193727.640625,433169.4375,3884
3885,193727.609375,433169.34375,3885
3886,193727.5625,433169.34375,3886
3887,193727.453125,433169.1875,3887
3888,193727.375,433169.125,3888
3889,193727.328125,433169.0625,3889
3890,193727.25,433168.96875,3890
3891,193727.171875,433168.96875,3891
3892,193727.109375,433168.875,3892
3893,193727.046875,433168.84375,3893
3894,193726.984375,433168.75,3894
3895,193726.921875,433168.65625,3895
3896,193726.84375,433168.625,3896
3897,193726.765625,433168.5625,3897
3898,193726.703125,433168.46875,3898
3899,193726.625,433168.40625,3899
3900,193726.578125,433168.3125,3900
3901,193726.484375,433168.28125,3901
3902,193726.421875,433168.21875,3902
3903,193726.34375,433168.125,3903
3904,193726.28125,433168.0625,3904
3905,193726.203125,433168.0,3905
3906,193726.15625,433167.9375,3906
3907,193726.078125,433167.875,3907
3908,193726.03125,433167.8125,3908
3909,193725.953125,433167.71875,3909
3910,193725.859375,433167.65625,3910
3911,193725.8125,433167.59375,3911
3912,193725.75,433167.5,3912
3913,193725.671875,433167.4375,3913
3914,193725.578125,433167.40625,3914
3915,193725.546875,433167.3125,3915
3916,193725.453125,433167.21875,3916
3917,193725.390625,433167.15625,3917
3918,193725.3125,433167.15625,3918
3919,193725.25,433167.03125,3919
3920,193725.1875,433166.9375,3920
3921,193725.125,433166.875,3921
3922,193725.03125,433166.8125,3922
3923,193724.984375,433166.75,3923
3924,193724.90625,433166.6875,3924
3925,193724.828125,433166.625,3925
3926,193724.765625,433166.59375,3926
3927,193724.6875,433166.5,3927
3928,193724.625,433166.46875,3928
3929,193724.53125,433166.375,3929
3930,193724.5,433166.3125,3930
3931,193724.40625,433166.1875,3931
3932,193724.34375,433166.1875,3932
3933,193724.265625,433166.09375,3933
3934,193724.203125,433166.03125,3934
3935,193724.140625,433166.0,3935
3936,193724.046875,433165.90625,3936
3937,193723.984375,433165.875,3937
3938,193723.90625,433165.78125,3938
3939,193723.859375,433165.75,3939
3940,193723.78125,433165.6875,3940
3941,193723.71875,433165.59375,3941
3942,193723.65625,433165.46875,3942
3943,193723.578125,433165.40625,3943
3944,193723.515625,433165.34375,3944
3945,193723.4375,433165.3125,3945
3946,193723.359375,433165.21875,3946
3947,193723.3125,433165.15625,3947
3948,193723.21875,433165.09375,3948
3949,193723.140625,433165.0625,3949
3950,193723.078125,433164.96875,3950
3951,193723.0,433164.90625,3951
3952,193722.9375,433164.84375,3952
3953,193722.875,433164.75,3953
3954,193722.796875,433164.65625,3954
3955,193722.734375,433164.59375,3955
3956,193722.671875,433164.5625,3956
3957,193722.578125,433164.5,3957
3958,193722.546875,433164.40625,3958
3959,193722.453125,433164.34375,3959
3960,193722.40625,433164.28125,3960
3961,193722.328125,433164.21875,3961
3962,193722.234375,433164.125,3962
3963,193722.203125,433164.0625,3963
3964,193722.109375,433164.0,3964
3965,193722.0625,433163.9375,3965
3966,193721.984375,433163.875,3966
3967,193721.921875,433163.78125,3967
3968,193721.828125,433163.71875,3968
3969,193721.765625,433163.65625,3969
3970,193721.6875,433163.59375,3970
3971,193721.625,433163.59375,3971
3972,193721.546875,433163.5,3972
3973,193721.46875,433163.40625,3973
3974,193721.40625,433163.3125,3974
3975,193721.34375,433163.21875,3975
3976,193721.265625,433163.15625,3976
3977,193721.203125,433163.125,3977
3978,193721.140625,433163.0625,3978
3979,193721.046875,433162.96875,3979
3980,193721.015625,433162.90625,3980
3981,193720.921875,433162.875,3981
3982,193720.859375,433162.8125,3982
3983,193720.78125,433162.6875,3983
3984,193720.71875,433162.625,3984
3985,193720.640625,433162.5625,3985
3986,193720.5625,433162.5,3986
3987,193720.5,433162.40625,3987
3988,193720.421875,433162.375,3988
3989,193720.375,433162.3125,3989
3990,193720.296875,433162.25,3990
3991,193720.21875,433162.1875,3991
3992,193720.140625,433162.09375,3992
3993,193720.09375,433162.03125,3993
3994,193720.015625,433161.96875,3994
3995,193719.921875,433161.90625,3995
3996,193719.859375,433161.8125,3996
3997,193719.78125,433161.75,3997
3998,193719.734375,433161.6875,3998
3999,193719.65625,433161.625,3999
4000,193719.59375,433161.53125,4000
4001,193719.53125,433161.46875,4001
4002,193719.46875,433161.40625,4002
4003,193719.390625,433161.34375,4003
4004,193719.328125,433161.25,4004
4005,193719.25,433161.1875,4005
4006,193719.171875,433161.125,4006
4007,193719.109375,433161.0625,4007
4008,193719.046875,433160.96875,4008
4009,193718.96875,433160.90625,4009
4010,193718.921875,433160.875,4010
4011,193718.828125,433160.84375,4011
4012,193718.765625,433160.75,4012
4013,193718.6875,433160.65625,4013
4014,193718.625,433160.5625,4014
4015,193718.5625,433160.53125,4015
4016,193718.484375,433160.46875,4016
4017,193718.40625,433160.375,4017
4018,193718.34375,433160.28125,4018
4019,193718.296875,433160.21875,4019
4020,193718.203125,433160.125,4020
4021,193718.109375,433160.125,4021
4022,193718.0625,433160.0625,4022
4023,193717.984375,433160.0,4023
4024,193717.9375,433159.90625,4024
4025,193717.859375,433159.8125,4025
4026,193717.796875,433159.75,4026
4027,193717.75,433159.71875,4027
4028,193717.671875,433159.65625,4028
4029,193717.578125,433159.59375,4029
4030,193717.53125,433159.5,4030
4031,193717.453125,433159.4375,4031
4032,193717.375,433159.4375,4032
4033,193717.328125,433159.34375,4033
4034,193717.265625,433159.21875,4034
4035,193717.171875,433159.15625,4035
4036,193717.109375,433159.09375,4036
4037,193717.03125,433159.03125,4037
4038,193716.9375,433158.9375,4038
4039,193716.90625,433158.90625,4039
4040,193716.828125,433158.84375,4040
4041,193716.75,433158.78125,4041
4042,193716.671875,433158.6875,4042
4043,193716.609375,433158.59375,4043
4044,193716.546875,433158.5625,4044
4045,193716.46875,433158.5,4045
4046,193716.40625,433158.40625,4046
4047,193716.34375,433158.3125,4047
4048,193716.265625,433158.25,4048
4049,193716.203125,433158.1875,4049
4050,193716.125,433158.1875,4050
4051,193716.078125,433158.09375,4051
4052,193716.0,433158.0,4052
4053,193715.90625,433157.90625,4053
4054,193715.859375,433157.8125,4054
4055,193715.78125,433157.78125,4055
4056,193715.703125,433157.75,4056
4057,193715.640625,433157.6875,4057
4058,193715.578125,433157.625,4058
4059,193715.5,433157.53125,4059
4060,193715.4375,433157.46875,4060
4061,193715.375,433157.40625,4061
4062,193715.28125,433157.34375,4062
4063,193715.234375,433157.21875,4063
4064,193715.171875,433157.15625,4064
4065,193715.09375,433157.09375,4065
4066,193715.046875,433157.0625,4066
4067,193714.96875,433156.96875,4067
4068,193714.875,433156.90625,4068
4069,193714.8125,433156.84375,4069
4070,193714.75,433156.78125,4070
4071,193714.6875,433156.6875,4071
4072,193714.625,433156.625,4072
4073,193714.53125,433156.5625,4073
4074,193714.46875,433156.5,4074
4075,193714.375,433156.40625,4075
4076,193714.328125,433156.34375,4076
4077,193714.25,433156.28125,4077
4078,193714.1875,433156.21875,4078
4079,193714.140625,433156.125,4079
4080,193714.0625,433156.0625,4080
4081,193713.984375,433156.0,4081
4082,193713.90625,433155.9375,4082
4083,193713.84375,433155.875,4083
4084,193713.765625,433155.78125,4084
4085,193713.71875,433155.71875,4085
4086,193713.625,433155.65625,4086
4087,193713.59375,433155.59375,4087
4088,193713.46875,433155.5,4088
4089,193713.421875,433155.4375,4089
4090,193713.34375,433155.375,4090
4091,193713.296875,433155.3125,4091
4092,193713.234375,433155.21875,4092
4093,193713.15625,433155.15625,4093
4094,193713.078125,433155.09375,4094
4095,193713.0,433155.03125,4095
4096,193712.9375,433154.96875,4096
4097,193712.875,433154.90625,4097
4098,193712.796875,433154.84375,4098
4099,193712.75,433154.75,4099
4100,193712.671875,433154.65625,4100
4101,193712.609375,433154.625,4101
4102,193712.515625,433154.5625,4102
4103,193712.46875,433154.5,4103
4104,193712.375,433154.40625,4104
4105,193712.3125,433154.3125,4105
4106,193712.265625,433154.25,4106
4107,193712.203125,433154.25,4107
4108,193712.109375,433154.125,4108
4109,193712.046875,433154.03125,4109
4110,193711.96875,433153.96875,4110
4111,193711.890625,433153.90625,4111
4112,193711.84375,433153.8125,4112
4113,193711.75,433153.8125,4113
4114,193711.703125,433153.75,4114
4115,193711.625,433153.6875,4115
4116,193711.53125,433153.625,4116
4117,193711.484375,433153.46875,4117
4118,193711.40625,433153.40625,4118
4119,193711.328125,433153.40625,4119
4120,193711.25,433153.3125,4120
4121,193711.203125,433153.21875,4121
4122,193711.109375,433153.15625,4122
4123,193711.0625,433153.09375,4123
4124,193711.0,433153.0625,4124
4125,193710.9375,433152.96875,4125
4126,193710.859375,433152.875,4126
4127,193710.796875,433152.8125,4127
4128,193710.71875,433152.75,4128
4129,193710.671875,433152.65625,4129
4130,193710.578125,433152.625,4130
4131,193710.53125,433152.5625,4131
4132,193710.453125,433152.5,4132
4133,193710.359375,433152.40625,4133
4134,193710.296875,433152.3125,4134
4135,193710.21875,433152.21875,4135
4136,193710.171875,433152.125,4136
4137,193710.078125,433152.09375,4137
4138,193710.03125,433152.0625,4138
4139,193709.953125,433152.0,4139
4140,193709.859375,433151.9375,4140
4141,193709.828125,433151.875,4141
4142,193709.75,433151.75,4142
4143,193709.6875,433151.6875,4143
4144,193709.59375,433151.65625,4144
4145,193709.5625,433151.59375,4145
4146,193709.46875,433151.5,4146
4147,193709.390625,433151.4375,4147
4148,193709.328125,433151.375,4148
4149,193709.265625,433151.3125,4149
4150,193709.171875,433151.21875,4150
4151,193709.125,433151.15625,4151
4152,193709.046875,433151.09375,4152
4153,193709.0,433150.96875,4153
4154,193708.921875,433150.9375,4154
4155,193708.859375,433150.875,4155
4156,193708.78125,433150.8125,4156
4157,193708.71875,433150.75,4157
4158,193708.625,433150.65625,4158
4159,193708.59375,433150.59375,4159
4160,193708.515625,433150.5625,4160
4161,193708.421875,433150.5,4161
4162,193708.359375,433150.375,4162
4163,193708.296875,433150.3125,4163
4164,193708.21875,433150.25,4164
4165,193708.140625,433150.1875,4165
4166,193708.09375,433150.09375,4166
4167,193708.0,433150.03125,4167
4168,193707.953125,433149.96875,4168
4169,193707.875,433149.96875,4169
4170,193707.796875,433149.875,4170
4171,193707.734375,433149.75,4171
4172,193707.65625,433149.71875,4172
4173,193707.59375,433149.65625,4173
4174,193707.515625,433149.625,4174
4175,193707.453125,433149.53125,4175
4176,193707.375,433149.46875,4176
4177,193707.3125,433149.40625,4177
4178,193707.21875,433149.3125,4178
4179,193707.171875,433149.21875,4179
4180,193707.09375,433149.15625,4180
4181,193707.015625,433149.09375,4181
4182,193706.953125,433149.03125,4182
4183,193706.890625,433148.9375,4183
4184,193706.828125,433148.90625,4184
4185,193706.75,433148.84375,4185
4186,193706.671875,433148.78125,4186
4187,193706.609375,433148.625,4187
4188,193706.53125,433148.59375,4188
4189,193706.46875,433148.53125,4189
4190,193706.375,433148.46875,4190
4191,193706.328125,433148.40625,4191
4192,193706.25,433148.34375,4192
4193,193706.171875,433148.28125,4193
4194,193706.109375,433148.21875,4194
4195,193706.046875,433148.0625,4195
4196,193705.953125,433148.0,4196
4197,193705.90625,433147.96875,4197
4198,193705.828125,433147.9375,4198
4199,193705.78125,433147.875,4199
4200,193705.6875,433147.78125,4200
4201,193705.625,433147.6875,4201
4202,193705.546875,433147.65625,4202
4203,193705.46875,433147.59375,4203
4204,193705.421875,433147.5,4204
4205,193705.34375,433147.4375,4205
4206,193705.28125,433147.375,4206
4207,193705.234375,433147.25,4207
4208,193705.15625,433147.1875,4208
4209,193705.078125,433147.15625,4209
4210,193705.015625,433147.09375,4210
4211,193704.921875,433147.03125,4211
4212,193704.859375,433146.90625,4212
4213,193704.78125,433146.84375,4213
4214,193704.71875,433146.78125,4214
4215,193704.640625,433146.75,4215
4216,193704.5625,433146.65625,4216
4217,193704.515625,433146.59375,4217
4218,193704.4375,433146.53125,4218
4219,193704.375,433146.46875,4219
4220,193704.296875,433146.3125,4220
4221,193704.21875,433146.25,4221
4222,193704.140625,433146.25,4222
4223,193704.09375,433146.1875,4223
4224,193704.0,433146.09375,4224
4225,193703.953125,433146.03125,4225
4226,193703.859375,433145.96875,4226
4227,193703.78125,433145.90625,4227
4228,193703.734375,433145.8125,4228
4229,193703.640625,433145.75,4229
4230,193703.59375,433145.65625,4230
4231,193703.515625,433145.625,4231
4232,193703.453125,433145.53125,4232
4233,193703.375,433145.46875,4233
4234,193703.28125,433145.40625,4234
4235,193703.25,433145.34375,4235
4236,193703.1875,433145.25,4236
4237,193703.109375,433145.15625,4237
4238,193703.015625,433145.09375,4238
4239,193702.953125,433145.0625,4239
4240,193702.859375,433144.96875,4240
4241,193702.8125,433144.90625,4241
4242,193702.734375,433144.84375,4242
4243,193702.6875,433144.78125,4243
4244,193702.609375,433144.6875,4244
4245,193702.546875,433144.625,4245
4246,193702.4375,433144.5625,4246
4247,193702.375,433144.5,4247
4248,193702.3125,433144.40625,4248
4249,193702.25,433144.34375,4249
4250,193702.171875,433144.28125,4250
4251,193702.109375,433144.21875,4251
4252,193702.03125,433144.125,4252
4253,193701.953125,433144.0625,4253
4254,193701.90625,433144.0,4254
4255,193701.828125,433143.9375,4255
4256,193701.765625,433143.875,4256
4257,193701.671875,433143.78125,4257
4258,193701.625,433143.71875,4258
4259,193701.53125,433143.65625,4259
4260,193701.46875,433143.59375,4260
4261,193701.40625,433143.5,4261
4262,193701.34375,433143.4375,4262
4263,193701.265625,433143.375,4263
4264,193701.203125,433143.3125,4264
4265,193701.140625,433143.21875,4265
4266,193701.046875,433143.15625,4266
4267,193700.984375,433143.09375,4267
4268,193700.90625,433142.96875,4268
4269,193700.859375,433142.90625,4269
4270,193700.765625,433142.875,4270
4271,193700.6875,433142.8125,4271
4272,193700.65625,433142.75,4272
4273,193700.5625,433142.65625,4273
4274,193700.5,433142.59375,4274
4275,193700.421875,433142.5,4275
4276,193700.359375,433142.40625,4276
4277,193700.265625,433142.34375,4277
4278,193700.21875,433142.3125,4278
4279,193700.140625,433142.25,4279
4280,193700.078125,433142.1875,4280
4281,193700.0,433142.09375,4281
4282,193699.921875,433142.03125,4282
4283,193699.859375,433141.90625,4283
4284,193699.765625,433141.90625,4284
4285,193699.703125,433141.8125,4285
4286,193699.65625,433141.75,4286
4287,193699.578125,433141.65625,4287
4288,193699.5,433141.625,4288
4289,193699.40625,433141.53125,4289
4290,193699.359375,433141.46875,4290
4291,193699.28125,433141.40625,4291
4292,193699.21875,433141.3125,4292
4293,193699.140625,433141.21875,4293
4294,193699.078125,433141.15625,4294
4295,193699.0,433141.09375,4295
4296,193698.953125,433141.03125,4296
4297,193698.875,433140.9375,4297
4298,193698.796875,433140.90625,4298
4299,193698.71875,433140.8125,4299
4300,193698.671875,433140.78125,4300
4301,193698.59375,433140.6875,4301
4302,193698.5,433140.625,4302
4303,193698.421875,433140.59375,4303
4304,193698.359375,433140.5,4304
4305,193698.296875,433140.46875,4305
4306,193698.234375,433140.34375,4306
4307,193698.15625,433140.25,4307
4308,193698.078125,433140.21875,4308
4309,193697.984375,433140.125,4309
4310,193697.9375,433140.0625,4310
4311,193697.859375,433140.0,4311
4312,193697.8125,433139.9375,4312
4313,193697.71875,433139.875,4313
4314,193697.65625,433139.78125,4314
4315,193697.59375,433139.6875,4315
4316,193697.53125,433139.65625,4316
4317,193697.453125,433139.59375,4317
4318,193697.375,433139.5,4318
4319,193697.296875,433139.4375,4319
4320,193697.25,433139.375,4320
4321,193697.15625,433139.25,4321
4322,193697.0625,433139.21875,4322
4323,193697.03125,433139.15625,4323
4324,193696.9375,433139.09375,4324
4325,193696.875,433139.03125,4325
4326,193696.796875,433138.9375,4326
4327,193696.734375,433138.875,4327
4328,193696.671875,433138.8125,4328
4329,193696.609375,433138.75,4329
4330,193696.5,433138.65625,4330
4331,193696.4375,433138.59375,4331
4332,193696.375,433138.53125,4332
4333,193696.296875,433138.46875,4333
4334,193696.21875,433138.375,4334
4335,193696.15625,433138.25,4335
4336,193696.125,433138.25,4336
4337,193696.046875,433138.1875,4337
4338,193695.96875,433138.0625,4338
4339,193695.890625,433138.03125,4339
4340,193695.828125,433137.96875,4340
4341,193695.734375,433137.90625,4341
4342,193695.6875,433137.8125,4342
4343,193695.609375,433137.75,4343
4344,193695.53125,433137.65625,4344
4345,193695.46875,433137.625,4345
4346,193695.375,433137.5,4346
4347,193695.328125,433137.46875,4347
4348,193695.234375,433137.40625,4348
4349,193695.1875,433137.34375,4349
4350,193695.125,433137.21875,4350
4351,193695.015625,433137.15625,4351
4352,193694.96875,433137.0625,4352
4353,193694.921875,433137.03125,4353
4354,193694.8125,433136.90625,4354
4355,193694.75,433136.90625,4355
4356,193694.6875,433136.84375,4356
4357,193694.609375,433136.78125,4357
4358,193694.5625,433136.6875,4358
4359,193694.46875,433136.625,4359
4360,193694.421875,433136.53125,4360
4361,193694.34375,433136.5,4361
4362,193694.25,433136.40625,4362
4363,193694.203125,433136.34375,4363
4364,193694.140625,433136.25,4364
4365,193694.03125,433136.21875,4365
4366,193693.96875,433136.0625,4366
4367,193693.90625,433136.0,4367
4368,193693.84375,433135.9375,4368
4369,193693.78125,433135.9375,4369
4370,193693.703125,433135.875,4370
4371,193693.640625,433135.78125,4371
4372,193693.546875,433135.6875,4372
4373,193693.5,433135.65625,4373
4374,193693.4375,433135.59375,4374
4375,193693.375,433135.5,4375
4376,193693.296875,433135.4375,4376
4377,193693.234375,433135.34375,4377
4378,193693.15625,433135.21875,4378
4379,193693.0625,433135.1875,4379
4380,193693.015625,433135.15625,4380
4381,193692.921875,433135.09375,4381
4382,193692.859375,433135.03125,4382
4383,193692.78125,433134.875,4383
4384,193692.734375,433134.84375,4384
4385,193692.640625,433134.78125,4385
4386,193692.59375,433134.65625,4386
4387,193692.5,433134.65625,4387
4388,193692.421875,433134.59375,4388
4389,193692.375,433134.5,4389
4390,193692.28125,433134.40625,4390
4391,193692.234375,433134.3125,4391
4392,193692.125,433134.25,4392
4393,193692.046875,433134.1875,4393
4394,193692.015625,433134.1875,4394
4395,193691.953125,433134.0625,4395
4396,193691.875,433134.03125,4396
4397,193691.796875,433133.90625,4397
4398,193691.71875,433133.8125,4398
4399,193691.625,433133.75,4399
4400,193691.5625,433133.71875,4400
4401,193691.515625,433133.65625,4401
4402,193691.453125,433133.625,4402
4403,193691.359375,433133.5,4403
4404,193691.28125,433133.46875,4404
4405,193691.234375,433133.375,4405
4406,193691.171875,433133.25,4406
4407,193691.109375,433133.1875,4407
4408,193691.015625,433133.15625,4408
4409,193690.953125,433133.0625,4409
4410,193690.875,433133.03125,4410
4411,193690.8125,433132.90625,4411
4412,193690.734375,433132.90625,4412
4413,193690.6875,433132.8125,4413
4414,193690.609375,433132.75,4414
4415,193690.546875,433132.625,4415
4416,193690.46875,433132.59375,4416
4417,193690.40625,433132.5,4417
4418,193690.328125,433132.46875,4418
4419,193690.25,433132.40625,4419
4420,193690.203125,433132.28125,4420
4421,193690.140625,433132.25,4421
4422,193690.078125,433132.21875,4422
4423,193690.03125,433132.125,4423
4424,193689.9375,433132.03125,4424
4425,193689.890625,433132.0,4425
4426,193689.796875,433131.9375,4426
4427,193689.71875,433131.875,4427
4428,193689.65625,433131.78125,4428
4429,193689.578125,433131.6875,4429
4430,193689.515625,433131.625,4430
4431,193689.453125,433131.59375,4431
4432,193689.390625,433131.46875,4432
4433,193689.3125,433131.4375,4433
4434,193689.25,433131.34375,4434
4435,193689.15625,433131.21875,4435
4436,193689.078125,433131.1875,4436
4437,193689.03125,433131.125,4437
4438,193688.953125,433131.03125,4438
4439,193688.890625,433130.96875,4439
4440,193688.8125,433130.875,4440
4441,193688.765625,433130.84375,4441
4442,193688.671875,433130.78125,4442
4443,193688.59375,433130.65625,4443
4444,193688.53125,433130.65625,4444
4445,193688.484375,433130.5625,4445
4446,193688.40625,433130.46875,4446
4447,193688.34375,433130.40625,4447
4448,193688.25,433130.3125,4448
4449,193688.15625,433130.25,4449
4450,193688.125,433130.1875,4450
4451,193688.046875,433130.1875,4451
4452,193687.96875,433130.03125,4452
4453,193687.890625,433129.96875,4453
4454,193687.828125,433129.90625,4454
4455,193687.75,433129.8125,4455
4456,193687.6875,433129.75,4456
4457,193687.625,433129.6875,4457
4458,193687.5625,433129.65625,4458
4459,193687.46875,433129.59375,4459
4460,193687.40625,433129.5,4460
4461,193687.34375,433129.46875,4461
4462,193687.25,433129.375,4462
4463,193687.203125,433129.25,4463
4464,193687.125,433129.21875,4464
4465,193687.0625,433129.1875,4465
4466,193686.96875,433129.0625,4466
4467,193686.921875,433129.03125,4467
4468,193686.828125,433128.90625,4468
4469,193686.765625,433128.875,4469
4470,193686.703125,433128.78125,4470
4471,193686.625,433128.78125,4471
4472,193686.546875,433128.6875,4472
4473,193686.46875,433128.5625,4473
4474,193686.421875,433128.5,4474
4475,193686.34375,433128.46875,4475
4476,193686.28125,433128.375,4476
4477,193686.203125,433128.3125,4477
4478,193686.109375,433128.21875,4478
4479,193686.078125,433128.21875,4479
4480,193685.984375,433128.0625,4480
4481,193685.921875,433128.0,4481
4482,193685.84375,433127.9375,4482
4483,193685.765625,433127.90625,4483
4484,193685.71875,433127.78125,4484
4485,193685.65625,433127.75,4485
4486,193685.546875,433127.6875,4486
4487,193685.515625,433127.59375,4487
4488,193685.421875,433127.5,4488
4489,193685.34375,433127.4375,4489
4490,193685.296875,433127.375,4490
4491,193685.1875,433127.3125,4491
4492,193685.15625,433127.21875,4492
4493,193685.0625,433127.1875,4493
4494,193685.015625,433127.09375,4494
4495,193684.921875,433127.03125,4495
4496,193684.859375,433126.9375,4496
4497,193684.78125,433126.875,4497
4498,193684.71875,433126.8125,4498
4499,193684.65625,433126.75,4499
4500,193684.5625,433126.65625,4500
4501,193684.5,433126.59375,4501
4502,193684.4375,433126.53125,4502
4503,193684.375,433126.46875,4503
4504,193684.28125,433126.375,4504
4505,193684.21875,433126.3125,4505
4506,193684.15625,433126.25,4506
4507,193684.109375,433126.1875,4507
4508,193684.03125,433126.0625,4508
4509,193683.96875,433126.03125,4509
4510,193683.875,433125.9375,4510
4511,193683.828125,433125.90625,4511
4512,193683.75,433125.8125,4512
4513,193683.65625,433125.75,4513
4514,193683.59375,433125.6875,4514
4515,193683.515625,433125.59375,4515
4516,193683.46875,433125.5,4516
4517,193683.375,433125.46875,4517
4518,193683.328125,433125.40625,4518
4519,193683.21875,433125.34375,4519
4520,193683.171875,433125.21875,4520
4521,193683.09375,433125.1875,4521
4522,193683.015625,433125.0625,4522
4523,193682.953125,433125.03125,4523
4524,193682.875,433124.90625,4524
4525,193682.8125,433124.875,4525
4526,193682.734375,433124.8125,4526
4527,193682.6875,433124.78125,4527
4528,193682.609375,433124.65625,4528
4529,193682.546875,433124.5625,4529
4530,193682.453125,433124.5,4530
4531,193682.375,433124.46875,4531
4532,193682.328125,433124.375,4532
4533,193682.21875,433124.3125,4533
4534,193682.1875,433124.21875,4534
4535,193682.109375,433124.125,4535
4536,193682.046875,433124.0625,4536
4537,193681.96875,433124.0,4537
4538,193681.90625,433123.9375,4538
4539,193681.796875,433123.90625,4539
4540,193681.765625,433123.78125,4540
4541,193681.671875,433123.75,4541
4542,193681.640625,433123.65625,4542
4543,193681.546875,433123.59375,4543
4544,193681.46875,433123.5,4544
4545,193681.390625,433123.4375,4545
4546,193681.3125,433123.375,4546
4547,193681.265625,433123.3125,4547
4548,193681.1875,433123.21875,4548
4549,193681.125,433123.15625,4549
4550,193681.03125,433123.09375,4550
4551,193680.984375,433123.03125,4551
4552,193680.90625,433122.9375,4552
4553,193680.828125,433122.875,4553
4554,193680.765625,433122.84375,4554
4555,193680.71875,433122.75,4555
4556,193680.625,433122.65625,4556
4557,193680.546875,433122.59375,4557
4558,193680.484375,433122.53125,4558
4559,193680.421875,433122.46875,4559
4560,193680.359375,433122.40625,4560
4561,193680.296875,433122.3125,4561
4562,193680.21875,433122.25,4562
4563,193680.140625,433122.1875,4563
4564,193680.078125,433122.09375,4564
4565,193679.984375,433122.03125,4565
4566,193679.90625,433121.9375,4566
4567,193679.859375,433121.90625,4567
4568,193679.765625,433121.8125,4568
4569,193679.71875,433121.75,4569
4570,193679.640625,433121.6875,4570
4571,193679.578125,433121.625,4571
4572,193679.484375,433121.5,4572
4573,193679.40625,433121.46875,4573
4574,193679.34375,433121.40625,4574
4575,193679.28125,433121.34375,4575
4576,193679.21875,433121.21875,4576
4577,193679.125,433121.1875,4577
4578,193679.0625,433121.0625,4578
4579,193678.984375,433121.03125,4579
4580,193678.890625,433120.90625,4580
4581,193678.859375,433120.875,4581
4582,193678.796875,433120.8125,4582
4583,193678.71875,433120.75,4583
4584,193678.65625,433120.65625,4584
4585,193678.59375,433120.5625,4585
4586,193678.53125,433120.5,4586
4587,193678.4375,433120.46875,4587
4588,193678.375,433120.375,4588
4589,193678.296875,433120.3125,4589
4590,193678.21875,433120.21875,4590
4591,193678.171875,433120.125,4591
4592,193678.09375,433120.0625,4592
4593,193678.03125,433120.0,4593
4594,193677.9375,433119.9375,4594
4595,193677.859375,433119.90625,4595
4596,193677.796875,433119.78125,4596
4597,193677.75,433119.71875,4597
4598,193677.671875,433119.65625,4598
4599,193677.59375,433119.59375,4599
4600,193677.53125,433119.5,4600
4601,193677.4375,433119.4375,4601
4602,193677.375,433119.375,4602
4603,193677.296875,433119.3125,4603
4604,193677.234375,433119.21875,4604
4605,193677.171875,433119.15625,4605
4606,193677.078125,433119.09375,4606
4607,193677.015625,433119.03125,4607
4608,193676.9375,433118.9375,4608
4609,193676.875,433118.875,4609
4610,193676.796875,433118.8125,4610
4611,193676.734375,433118.75,4611
4612,193676.671875,433118.65625,4612
4613,193676.609375,433118.59375,4613
4614,193676.515625,433118.53125,4614
4615,193676.4375,433118.46875,4615
4616,193676.375,433118.375,4616
4617,193676.296875,433118.3125,4617
4618,193676.234375,433118.1875,4618
4619,193676.171875,433118.1875,4619
4620,193676.078125,433118.09375,4620
4621,193676.015625,433118.03125,4621
4622,193675.953125,433117.96875,4622
4623,193675.90625,433117.90625,4623
4624,193675.828125,433117.90625,4624
4625,193675.734375,433117.75,4625
4626,193675.6875,433117.6875,4626
4627,193675.609375,433117.625,4627
4628,193675.53125,433117.53125,4628
4629,193675.46875,433117.46875,4629
4630,193675.375,433117.40625,4630
4631,193675.328125,433117.34375,4631
4632,193675.234375,433117.21875,4632
4633,193675.1875,433117.1875,4633
4634,193675.09375,433117.125,4634
4635,193675.046875,433117.0625,4635
4636,193674.96875,433116.96875,4636
4637,193674.890625,433116.90625,4637
4638,193674.828125,433116.8125,4638
4639,193674.75,433116.75,4639
4640,193674.671875,433116.6875,4640
4641,193674.609375,433116.625,4641
4642,193674.546875,433116.5625,4642
4643,193674.484375,433116.5,4643
4644,193674.40625,433116.40625,4644
4645,193674.34375,433116.34375,4645
4646,193674.25,433116.25,4646
4647,193674.203125,433116.1875,4647
4648,193674.140625,433116.09375,4648
4649,193674.0625,433116.03125,4649
4650,193673.96875,433116.0,4650
4651,193673.90625,433115.9375,4651
4652,193673.84375,433115.875,4652
4653,193673.78125,433115.78125,4653
4654,193673.703125,433115.6875,4654
4655,193673.65625,433115.65625,4655
4656,193673.578125,433115.59375,4656
4657,193673.5,433115.5,4657
4658,193673.4375,433115.4375,4658
4659,193673.34375,433115.375,4659
4660,193673.28125,433115.3125,4660
4661,193673.203125,433115.15625,4661
4662,193673.125,433115.15625,4662
4663,193673.0625,433115.0625,4663
4664,193673.0,433114.96875,4664
4665,193672.921875,433114.9375,4665
4666,193672.859375,433114.875,4666
4667,193672.78125,433114.75,4667
4668,193672.71875,433114.65625,4668
4669,193672.625,433114.59375,4669
4670,193672.59375,433114.53125,4670
4671,193672.515625,433114.5,4671
4672,193672.4375,433114.40625,4672
4673,193672.359375,433114.3125,4673
4674,193672.28125,433114.25,4674
4675,193672.21875,433114.1875,4675
4676,193672.140625,433114.09375,4676
4677,193672.078125,433114.03125,4677
4678,193672.0,433113.96875,4678
4679,193671.921875,433113.90625,4679
4680,193671.890625,433113.8125,4680
4681,193671.828125,433113.75,4681
4682,193671.71875,433113.6875,4682
4683,193671.65625,433113.625,4683
4684,193671.578125,433113.53125,4684
4685,193671.5,433113.4375,4685
4686,193671.4375,433113.40625,4686
4687,193671.375,433113.3125,4687
4688,193671.28125,433113.21875,4688
4689,193671.21875,433113.1875,4689
4690,193671.140625,433113.125,4690
4691,193671.078125,433113.03125,4691
4692,193670.984375,433112.90625,4692
4693,193670.9375,433112.875,4693
4694,193670.84375,433112.8125,4694
4695,193670.8125,433112.75,4695
4696,193670.71875,433112.6875,4696
4697,193670.65625,433112.59375,4697
4698,193670.578125,433112.5,4698
4699,193670.5,433112.40625,4699
4700,193670.4375,433112.375,4700
4701,193670.375,433112.28125,4701
4702,193670.28125,433112.21875,4702
4703,193670.203125,433112.1875,4703
4704,193670.140625,433112.0625,4704
4705,193670.0625,433112.0,4705
4706,193670.015625,433111.9375,4706
4707,193669.921875,433111.875,4707
4708,193669.84375,433111.78125,4708
4709,193669.796875,433111.71875,4709
4710,193669.71875,433111.65625,4710
4711,193669.640625,433111.59375,4711
4712,193669.578125,433111.5,4712
4713,193669.5,433111.4375,4713
4714,193669.421875,433111.375,4714
4715,193669.390625,433111.3125,4715
4716,193669.296875,433111.21875,4716
4717,193669.234375,433111.15625,4717
4718,193669.15625,433111.09375,4718
4719,193669.078125,433111.03125,4719
4720,193669.03125,433110.9375,4720
4721,193668.9375,433110.875,4721
4722,193668.859375,433110.8125,4722
4723,193668.796875,433110.75,4723
4724,193668.75,433110.625,4724
4725,193668.640625,433110.59375,4725
4726,193668.5625,433110.5,4726
4727,193668.515625,433110.46875,4727
4728,193668.421875,433110.375,4728
4729,193668.359375,433110.25,4729
4730,193668.296875,433110.1875,4730
4731,193668.21875,433110.125,4731
4732,193668.15625,433110.03125,4732
4733,193668.078125,433109.96875,4733
4734,193667.984375,433109.9375,4734
4735,193667.921875,433109.875,4735
4736,193667.875,433109.75,4736
4737,193667.796875,433109.6875,4737
4738,193667.71875,433109.625,4738
4739,193667.640625,433109.53125,4739
4740,193667.578125,433109.46875,4740
4741,193667.5,433109.40625,4741
4742,193667.4375,433109.34375,4742
4743,193667.359375,433109.25,4743
4744,193667.265625,433109.1875,4744
4745,193667.203125,433109.125,4745
4746,193667.140625,433109.0625,4746
4747,193667.078125,433108.96875,4747
4748,193667.0,433108.90625,4748
4749,193666.9375,433108.84375,4749
4750,193666.84375,433108.75,4750
4751,193666.796875,433108.6875,4751
4752,193666.703125,433108.625,4752
4753,193666.65625,433108.53125,4753
4754,193666.578125,433108.5,4754
4755,193666.484375,433108.375,4755
4756,193666.421875,433108.34375,4756
4757,193666.34375,433108.21875,4757
4758,193666.296875,433108.1875,4758
4759,193666.203125,433108.09375,4759
4760,193666.140625,433108.0,4760
4761,193666.078125,433107.9375,4761
4762,193665.984375,433107.875,4762
4763,193665.921875,433107.78125,4763
4764,193665.84375,433107.71875,4764
4765,193665.78125,433107.6875,4765
4766,193665.703125,433107.59375,4766
4767,193665.640625,433107.5,4767
4768,193665.578125,433107.4375,4768
4769,193665.515625,433107.375,4769
4770,193665.421875,433107.3125,4770
4771,193665.375,433107.21875,4771
4772,193665.28125,433107.15625,4772
4773,193665.203125,433107.09375,4773
4774,193665.140625,433107.03125,4774
4775,193665.0625,433106.9375,4775
4776,193665.0,433106.875,4776
4777,193664.9375,433106.8125,4777
4778,193664.875,433106.75,4778
4779,193664.765625,433106.625,4779
4780,193664.71875,433106.59375,4780
4781,193664.625,433106.53125,4781
4782,193664.5625,433106.46875,4782
4783,193664.5,433106.375,4783
4784,193664.40625,433106.25,4784
4785,193664.359375,433106.1875,4785
4786,193664.28125,433106.125,4786
4787,193664.203125,433106.03125,4787
4788,193664.125,433105.96875,4788
4789,193664.078125,433105.9375,4789
4790,193663.96875,433105.875,4790
4791,193663.90625,433105.75,4791
4792,193663.859375,433105.6875,4792
4793,193663.78125,433105.625,4793
4794,193663.703125,433105.53125,4794
4795,193663.625,433105.46875,4795
4796,193663.5625,433105.40625,4796
4797,193663.484375,433105.34375,4797
4798,193663.40625,433105.25,4798
4799,193663.34375,433105.1875,4799
4800,193663.25,433105.125,4800
4801,193663.203125,433105.0625,4801
4802,193663.125,433104.9375,4802
4803,193663.0625,433104.875,4803
4804,193662.984375,433104.84375,4804
4805,193662.890625,433104.78125,4805
4806,193662.828125,433104.6875,4806
4807,193662.75,433104.625,4807
4808,193662.703125,433104.5,4808
4809,193662.625,433104.46875,4809
4810,193662.546875,433104.375,4810
4811,193662.46875,433104.3125,4811
4812,193662.421875,433104.21875,4812
4813,193662.328125,433104.1875,4813
4814,193662.234375,433104.0625,4814
4815,193662.1875,433104.0,4815
4816,193662.140625,433103.96875,4816
4817,193662.046875,433103.875,4817
4818,193661.96875,433103.875,4818
4819,193661.859375,433103.78125,4819
4820,193661.828125,433103.6875,4820
4821,193661.765625,433103.625,4821
4822,193661.671875,433103.53125,4822
4823,193661.59375,433103.46875,4823
4824,193661.53125,433103.4375,4824
4825,193661.453125,433103.34375,4825
4826,193661.390625,433103.21875,4826
4827,193661.3125,433103.15625,4827
4828,193661.25,433103.09375,4828
4829,193661.171875,433103.03125,4829
4830,193661.109375,433102.9375,4830
4831,193661.03125,433102.90625,4831
4832,193660.9375,433102.8125,4832
4833,193660.875,433102.75,4833
4834,193660.796875,433102.65625,4834
4835,193660.75,433102.59375,4835
4836,193660.65625,433102.53125,4836
4837,193660.5625,433102.46875,4837
4838,193660.53125,433102.375,4838
4839,193660.4375,433102.28125,4839
4840,193660.375,433102.21875,4840
4841,193660.296875,433102.1875,4841
4842,193660.234375,433102.09375,4842
4843,193660.140625,433101.96875,4843
4844,193660.078125,433101.9375,4844
4845,193660.015625,433101.875,4845
4846,193659.921875,433101.78125,4846
4847,193659.875,433101.71875,4847
4848,193659.796875,433101.6875,4848
4849,193659.75,433101.625,4849
4850,193659.6875,433101.53125,4850
4851,193659.609375,433101.4375,4851
4852,193659.515625,433101.375,4852
4853,193659.4375,433101.25,4853
4854,193659.390625,433101.1875,4854
4855,193659.3125,433101.15625,4855
4856,193659.21875,433101.0625,4856
4857,193659.171875,433100.96875,4857
4858,193659.09375,433100.90625,4858
4859,193659.0,433100.84375,4859
4860,193658.953125,433100.78125,4860
4861,193658.890625,433100.6875,4861
4862,193658.828125,433100.65625,4862
4863,193658.75,433100.5625,4863
4864,193658.671875,433100.5,4864
4865,193658.625,433100.40625,4865
4866,193658.546875,433100.34375,4866
4867,193658.484375,433100.28125,4867
4868,193658.421875,433100.21875,4868
4869,193658.328125,433100.09375,4869
4870,193658.25,433100.0625,4870
4871,193658.1875,433100.0,4871
4872,193658.109375,433099.9375,4872
4873,193658.046875,433099.875,4873
4874,193657.96875,433099.71875,4874
4875,193657.90625,433099.6875,4875
4876,193657.828125,433099.625,4876
4877,193657.765625,433099.53125,4877
4878,193657.671875,433099.46875,4878
4879,193657.59375,433099.4375,4879
4880,193657.53125,433099.3125,4880
4881,193657.46875,433099.21875,4881
4882,193657.375,433099.15625,4882
4883,193657.3125,433099.09375,4883
4884,193657.25,433099.03125,4884
4885,193657.171875,433098.9375,4885
4886,193657.078125,433098.875,4886
4887,193657.015625,433098.8125,4887
4888,193656.953125,433098.75,4888
4889,193656.875,433098.65625,4889
4890,193656.78125,433098.59375,4890
4891,193656.734375,433098.5,4891
4892,193656.65625,433098.46875,4892
4893,193656.609375,433098.375,4893
4894,193656.515625,433098.28125,4894
4895,193656.4375,433098.21875,4895
4896,193656.375,433098.125,4896
4897,193656.265625,433098.03125,4897
4898,193656.25,433097.96875,4898
4899,193656.15625,433097.9375,4899
4900,193656.09375,433097.875,4900
4901,193656.0,433097.78125,4901
4902,193655.921875,433097.6875,4902
4903,193655.859375,433097.625,4903
4904,193655.796875,433097.53125,4904
4905,193655.71875,433097.46875,4905
4906,193655.640625,433097.40625,4906
4907,193655.578125,433097.34375,4907
4908,193655.484375,433097.21875,4908
4909,193655.4375,433097.1875,4909
4910,193655.359375,433097.125,4910
4911,193655.28125,433097.0625,4911
4912,193655.234375,433096.96875,4912
4913,193655.140625,433096.90625,4913
4914,193655.0625,433096.8125,4914
4915,193654.984375,433096.75,4915
4916,193654.9375,433096.6875,4916
4917,193654.875,433096.625,4917
4918,193654.796875,433096.5625,4918
4919,193654.71875,433096.46875,4919
4920,193654.65625,433096.375,4920
4921,193654.5625,433096.3125,4921
4922,193654.5,433096.21875,4922
4923,193654.4375,433096.125,4923
4924,193654.359375,433096.0625,4924
4925,193654.296875,433096.0,4925
4926,193654.21875,433095.9375,4926
4927,193654.15625,433095.875,4927
4928,193654.078125,433095.78125,4928
4929,193653.984375,433095.71875,4929
4930,193653.921875,433095.65625,4930
4931,193653.859375,433095.59375,4931
4932,193653.796875,433095.5,4932
4933,193653.703125,433095.4375,4933
4934,193653.625,433095.375,4934
4935,193653.578125,433095.3125,4935
4936,193653.5,433095.21875,4936
4937,193653.421875,433095.125,4937
4938,193653.34375,433095.0625,4938
4939,193653.296875,433094.96875,4939
4940,193653.234375,433094.9375,4940
4941,193653.140625,433094.84375,4941
4942,193653.0625,433094.8125,4942
4943,193653.015625,433094.65625,4943
4944,193652.9375,433094.59375,4944
4945,193652.875,433094.5625,4945
4946,193652.78125,433094.5,4946
4947,193652.71875,433094.40625,4947
4948,193652.640625,433094.3125,4948
4949,193652.5625,433094.25,4949
4950,193652.5,433094.1875,4950
4951,193652.4375,433094.09375,4951
4952,193652.359375,433094.03125,4952
4953,193652.28125,433093.96875,4953
4954,193652.21875,433093.90625,4954
4955,193652.140625,433093.8125,4955
4956,193652.078125,433093.75,4956
4957,193651.984375,433093.6875,4957
4958,193651.921875,433093.625,4958
4959,193651.875,433093.53125,4959
4960,193651.765625,433093.4375,4960
4961,193651.703125,433093.375,4961
4962,193651.65625,433093.3125,4962
4963,193651.5625,433093.21875,4963
4964,193651.515625,433093.15625,4964
4965,193651.4375,433093.0625,4965
4966,193651.34375,433092.96875,4966
4967,193651.265625,433092.90625,4967
4968,193651.21875,433092.84375,4968
4969,193651.171875,433092.78125,4969
4970,193651.0625,433092.6875,4970
4971,193650.984375,433092.625,4971
4972,193650.9375,433092.5625,4972
4973,193650.84375,433092.5,4973
4974,193650.796875,433092.40625,4974
4975,193650.71875,433092.34375,4975
4976,193650.625,433092.28125,4976
4977,193650.578125,433092.1875,4977
4978,193650.484375,433092.09375,4978
4979,193650.421875,433092.0625,4979
4980,193650.328125,433092.0,4980
4981,193650.28125,433091.9375,4981
4982,193650.234375,433091.8125,4982
4983,193650.140625,433091.75,4983
4984,193650.0625,433091.6875,4984
4985,193649.984375,433091.625,4985
4986,193649.921875,433091.53125,4986
4987,193649.84375,433091.46875,4987
4988,193649.78125,433091.375,4988
4989,193649.703125,433091.3125,4989
4990,193649.640625,433091.21875,4990
4991,193649.546875,433091.15625,4991
4992,193649.515625,433091.09375,4992
4993,193649.4375,433091.03125,4993
4994,193649.34375,433090.9375,4994
4995,193649.296875,433090.875,4995
4996,193649.234375,433090.8125,4996
4997,193649.140625,433090.75,4997
4998,193649.078125,433090.65625,4998
4999,193649.03125,433090.59375,4999
